 5 100 
 83 93 84 45 60 54 43 67 75 43 31 91 
 72 15 41 85 70 99 37 7 97 107 25 40 
 62 86 83 8 84 88 42 53 75 56 48 77 
 54 28 34 89 99 57 17 44 51 31 47 96 
 99 24 8 16 36 83 89 100 43 100 44 27 
 52 17 99 62 42 38 15 7 97 47 21 91 
 99 95 111 42 95 30 78 49 96 75 45 113 
 63 48 19 75 92 88 27 102 87 15 64 17 
 54 47 44 91 
 45 60 84 71 64 24 53 23 26 29 58 78 
 22 64 29 86 69 72 72 59 67 83 14 10 
 25 47 85 66 87 79 34 14 101 103 99 96 
 65 90 85 44 30 80 22 87 25 39 3 97 
 104 22 92 90 10 52 87 119 62 13 114 70 
 77 86 92 113 45 47 71 44 74 26 91 49 
 35 65 38 95 12 33 92 80 82 111 77 86 
 66 60 112 95 18 99 102 24 23 96 42 78 
 40 74 81 87 
 104 99 77 57 32 104 84 11 13 60 41 24 
 58 51 34 97 40 98 18 110 74 112 47 74 
 28 62 95 72 117 42 78 31 35 28 15 60 
 113 23 35 79 83 62 24 25 52 84 33 43 
 42 31 116 51 14 42 49 98 57 53 20 114 
 82 98 70 31 65 46 56 81 32 85 92 14 
 56 74 52 76 63 22 83 95 82 99 58 80 
 3 82 108 89 94 32 93 6 51 22 50 18 
 38 97 55 74 
 90 81 96 41 92 63 99 22 95 55 55 41 
 55 93 81 86 13 87 46 109 91 91 111 13 
 35 28 51 53 59 78 27 32 45 18 74 82 
 8 50 85 18 56 80 29 78 15 75 83 79 
 94 72 29 34 18 60 30 67 73 59 92 30 
 55 21 54 93 100 76 73 90 50 88 28 35 
 12 29 21 97 83 23 25 31 80 81 9 75 
 12 75 92 113 24 77 49 77 76 45 56 9 
 41 85 61 88 
 45 22 33 33 54 66 110 23 80 42 30 114 
 28 72 75 92 48 107 23 68 72 110 45 74 
 34 45 58 90 96 10 53 37 57 30 82 87 
 38 70 40 28 89 76 82 51 36 55 81 20 
 85 82 90 102 40 21 25 31 85 90 49 72 
 54 47 102 86 40 61 26 85 38 70 16 63 
 37 76 53 36 47 112 61 23 107 17 39 40 
 56 27 36 54 26 39 57 46 49 43 45 35 
 26 61 34 63 
 28 16 29 57 46 58 66 42 36 74 83 11 
 38 89 76 24 40 7 81 99 6 6 78 68 
 44 35 18 98 30 19 61 65 32 50 62 32 
 64 91 87 26 12 53 95 65 51 74 61 22 
 7 78 98 86 78 21 28 9 72 8 71 83 
 67 97 12 51 59 68 90 98 5 69 95 14 
 15 19 2 77 11 88 28 61 12 26 56 2 
 41 58 84 31 29 26 75 13 26 91 45 99 
 55 74 63 17 
 56 51 27 33 40 82 50 85 95 84 50 33 
 80 40 72 34 34 37 30 59 42 34 94 100 
 86 64 25 47 22 42 67 100 11 18 8 8 
 44 21 21 72 86 35 82 23 94 80 99 13 
 9 99 29 18 97 49 27 2 39 99 1 31 
 24 20 20 3 76 73 45 62 42 89 30 70 
 81 38 67 16 96 80 23 22 24 9 33 29 
 39 58 6 21 83 4 8 84 84 25 77 30 
 66 40 31 14 
 9 10 26 56 83 9 31 92 90 44 65 86 
 50 51 76 7 72 22 97 11 27 7 63 33 
 83 48 24 32 3 65 42 79 80 80 94 55 
 6 88 84 28 36 49 80 80 63 33 76 68 
 60 72 2 69 90 59 68 6 62 53 85 5 
 21 18 39 70 48 68 52 39 73 36 19 99 
 55 43 57 25 53 85 38 23 27 13 57 40 
 100 31 10 25 23 72 16 95 62 87 68 97 
 66 13 52 27 
 15 37 18 77 28 46 21 89 16 57 48 80 
 55 20 32 17 93 18 61 10 25 14 8 92 
 79 86 58 66 46 26 83 83 76 96 42 29 
 95 51 29 85 58 22 78 43 87 42 30 37 
 15 36 77 77 88 54 87 34 32 49 23 80 
 61 91 65 20 5 39 39 21 55 22 75 76 
 96 76 84 15 24 96 91 88 23 23 96 40 
 90 45 13 7 93 30 63 40 41 64 55 98 
 64 16 42 14 
 65 94 85 70 55 36 9 93 26 76 88 1 
 81 38 43 9 70 7 79 42 40 8 59 42 
 77 73 43 22 22 96 67 67 45 75 21 23 
 69 39 75 74 14 44 29 55 65 63 27 91 
 25 34 14 19 63 83 80 81 18 15 53 45 
 58 73 15 35 71 46 78 35 83 46 94 50 
 67 35 54 78 57 2 42 91 12 91 82 61 
 62 75 76 47 75 62 44 67 61 61 71 72 
 79 56 87 57 
 798 760 810 824 868 
