 20 200 
 40 20 38 108 107 20 93 33 91 94 25 75 
 82 66 25 98 21 104 84 41 48 41 108 99 
 29 75 92 11 83 35 33 96 12 24 81 106 
 25 83 86 30 99 59 57 26 9 21 63 79 
 16 81 28 109 64 49 106 95 67 83 8 107 
 50 14 89 27 77 70 21 92 30 98 89 110 
 50 81 117 32 14 24 16 87 54 48 15 27 
 51 58 18 94 81 78 26 55 47 95 94 24 
 51 29 91 88 57 110 43 37 85 18 96 29 
 71 93 108 9 63 69 87 58 62 44 12 58 
 87 31 42 29 65 112 21 74 77 20 43 20 
 36 64 61 81 81 11 37 111 7 30 15 14 
 28 73 101 88 60 64 45 99 59 76 85 107 
 68 96 92 67 97 99 59 57 7 91 69 32 
 63 106 74 96 100 20 27 74 22 69 23 108 
 42 59 32 9 39 27 96 49 29 22 101 96 
 43 89 94 87 64 61 65 44 
 53 68 12 27 61 28 66 40 95 28 77 108 
 98 11 55 102 21 42 30 58 97 111 97 95 
 78 32 73 85 10 26 80 12 102 86 55 4 
 56 106 104 52 46 6 111 21 111 25 34 95 
 37 22 31 78 31 61 20 23 79 34 76 66 
 48 85 98 116 95 12 54 99 17 44 30 27 
 69 61 74 48 14 50 36 68 86 88 39 17 
 24 36 62 61 75 66 74 87 43 37 74 33 
 49 101 34 95 38 78 40 107 69 91 25 86 
 94 54 63 63 103 90 104 45 61 62 69 49 
 88 54 52 89 62 101 119 50 54 49 92 66 
 57 42 48 35 83 78 71 95 72 9 52 64 
 52 111 71 52 100 107 80 54 72 76 49 37 
 21 42 69 93 93 56 38 25 89 19 98 59 
 44 28 19 21 77 72 29 19 92 22 76 37 
 91 19 62 63 13 106 51 74 106 26 22 27 
 39 60 35 48 80 28 5 27 
 51 68 21 51 57 60 33 36 37 97 67 94 
 17 97 101 27 52 43 21 69 119 102 62 66 
 81 49 16 54 49 76 79 50 103 27 108 14 
 5 51 58 48 28 72 108 104 72 111 90 39 
 39 88 14 73 52 102 46 81 59 30 71 103 
 108 46 61 43 6 38 59 101 56 91 66 70 
 100 43 47 88 26 102 18 72 98 43 95 57 
 52 78 47 109 104 108 100 41 40 33 44 102 
 21 34 106 48 87 82 56 60 44 11 36 34 
 55 110 45 105 87 36 66 79 38 47 48 49 
 81 37 72 32 40 44 58 25 61 35 17 28 
 74 115 16 15 38 59 51 67 15 38 83 40 
 96 94 17 94 18 28 24 99 108 33 35 3 
 100 15 19 75 31 39 48 25 24 35 30 118 
 40 35 22 78 70 71 20 35 63 89 73 26 
 99 82 4 106 94 67 27 70 99 64 37 95 
 50 109 72 97 77 20 92 53 
 31 42 95 98 17 80 90 1 23 74 49 116 
 54 93 10 53 61 104 75 63 52 50 21 51 
 87 87 70 51 25 60 89 9 73 93 25 23 
 47 12 25 61 67 84 17 29 50 68 92 70 
 26 23 64 60 65 33 24 54 65 84 79 51 
 72 76 80 14 16 80 102 90 63 63 87 47 
 89 19 38 74 90 55 100 107 32 89 68 117 
 57 19 15 12 40 47 85 69 15 47 78 41 
 43 60 106 98 58 67 12 12 24 100 85 42 
 28 25 10 57 25 67 96 17 78 95 96 82 
 80 10 50 94 44 15 67 25 72 69 30 111 
 41 62 48 51 75 89 66 105 109 52 92 56 
 11 46 24 44 14 70 23 59 25 89 28 43 
 100 45 85 20 28 28 21 13 54 50 56 62 
 37 33 101 37 49 93 92 43 98 79 27 63 
 20 55 80 22 47 57 62 90 78 106 60 68 
 96 19 98 72 106 113 67 43 
 22 61 100 80 41 66 105 58 24 41 32 84 
 86 86 46 74 94 76 92 36 104 26 58 70 
 28 29 13 17 24 96 87 39 9 83 88 111 
 47 72 58 45 37 66 92 76 111 100 73 35 
 62 108 68 84 39 59 7 72 28 104 27 59 
 66 49 94 35 75 52 84 14 25 115 13 29 
 80 15 100 14 50 95 67 16 102 79 33 15 
 15 59 61 62 78 76 60 77 80 102 16 78 
 85 65 93 116 60 22 64 59 69 108 18 35 
 52 53 81 103 17 53 102 78 76 44 54 65 
 45 57 57 84 32 47 79 78 78 39 59 102 
 55 81 35 85 108 31 80 75 12 100 86 69 
 82 43 45 41 99 34 42 117 76 23 82 64 
 34 42 58 47 26 97 78 105 62 64 85 81 
 20 69 114 77 43 41 43 67 25 100 21 16 
 11 93 49 31 67 30 25 16 36 41 58 42 
 54 42 56 37 28 103 86 63 
 95 71 20 46 49 27 68 54 26 59 105 58 
 98 83 11 65 104 40 56 45 35 90 103 80 
 77 59 30 113 50 36 2 30 40 49 91 44 
 6 88 44 68 18 15 79 64 94 53 97 38 
 69 55 54 60 67 88 42 102 45 76 54 33 
 40 62 46 20 89 38 71 22 23 80 93 12 
 108 92 83 31 103 13 92 72 36 82 46 72 
 35 103 23 49 40 26 11 34 98 60 8 78 
 77 34 58 93 41 79 106 8 32 28 8 24 
 47 57 89 31 93 7 59 110 97 42 41 26 
 76 20 79 63 105 76 50 10 101 76 62 28 
 55 66 64 64 41 90 37 65 57 78 73 43 
 55 82 109 30 64 96 49 43 19 56 67 23 
 66 76 64 64 39 5 64 83 70 100 108 108 
 58 86 105 61 18 73 107 77 115 17 103 29 
 97 38 89 87 88 92 56 62 21 49 55 32 
 37 65 41 78 86 28 63 52 
 18 22 60 40 25 45 22 45 56 29 64 90 
 73 103 56 53 37 69 22 91 44 104 64 65 
 14 45 99 14 73 16 72 29 51 93 43 78 
 52 34 41 64 54 37 84 53 16 30 98 77 
 29 110 92 85 81 97 100 61 4 31 39 54 
 15 34 51 77 54 75 27 105 96 66 84 6 
 98 80 32 101 11 41 54 114 98 101 101 55 
 91 104 45 96 33 56 114 84 90 72 24 55 
 23 62 38 39 74 88 98 15 88 100 64 45 
 69 77 99 105 17 30 87 63 84 24 58 74 
 54 74 26 52 26 26 31 41 41 97 113 40 
 72 29 27 91 59 25 92 52 11 44 16 74 
 104 49 90 47 3 77 47 34 21 102 74 32 
 82 93 84 102 87 58 83 69 31 45 44 40 
 76 81 39 95 60 29 105 4 76 111 28 71 
 65 27 71 25 72 97 110 114 95 91 85 105 
 52 33 50 70 102 7 38 86 
 18 118 63 91 45 106 74 45 80 91 71 82 
 56 62 83 16 27 64 53 56 112 104 112 56 
 57 69 93 90 68 95 107 62 55 89 70 35 
 26 25 46 26 72 9 100 45 57 109 92 36 
 109 45 82 17 107 74 115 30 100 95 97 20 
 68 68 44 99 72 50 65 87 20 104 78 41 
 106 26 109 92 3 79 74 17 100 46 40 37 
 36 50 53 99 108 23 63 88 112 50 14 90 
 85 99 77 91 95 39 37 42 26 63 45 36 
 39 86 81 38 31 77 30 60 62 81 42 58 
 100 28 45 72 100 64 52 94 61 56 57 30 
 10 13 62 29 29 90 9 93 43 109 95 75 
 47 10 63 73 100 97 87 28 90 67 67 25 
 86 78 31 28 43 63 101 33 39 85 108 104 
 83 51 10 79 46 63 72 29 87 38 45 82 
 99 114 29 31 23 100 10 51 100 83 90 58 
 22 67 99 68 45 86 18 25 
 52 81 55 38 51 11 103 24 58 59 12 102 
 82 49 78 48 98 29 42 8 81 111 86 106 
 26 114 38 89 47 61 52 100 66 110 100 50 
 32 58 46 107 85 10 35 64 40 61 98 28 
 85 59 66 81 98 76 64 19 73 96 71 70 
 95 41 38 17 75 77 74 101 81 88 74 44 
 62 75 57 44 103 52 66 100 86 56 59 38 
 77 98 105 48 55 84 49 68 91 59 19 85 
 17 99 37 79 55 50 35 107 54 37 72 100 
 68 86 70 52 98 92 88 46 96 34 101 44 
 55 55 92 106 71 32 93 98 104 77 65 35 
 31 96 7 68 84 42 67 36 64 52 14 43 
 47 77 54 38 43 69 36 20 48 47 74 82 
 101 97 25 50 40 53 87 3 51 61 80 25 
 104 100 62 14 39 77 10 86 14 47 9 89 
 101 7 88 117 104 78 42 42 23 35 16 79 
 62 15 100 77 55 39 78 55 
 54 42 91 20 107 73 105 21 31 58 60 75 
 24 75 46 111 62 33 13 15 89 48 99 65 
 38 72 35 94 93 110 77 38 38 42 98 23 
 37 54 16 110 67 12 87 95 39 84 72 104 
 97 98 39 51 104 103 79 31 52 13 17 17 
 70 116 45 59 62 36 19 12 91 80 38 35 
 38 29 56 72 26 66 42 63 55 18 25 60 
 106 27 33 82 74 52 24 7 21 78 22 23 
 89 25 67 85 82 7 75 105 32 35 113 87 
 117 96 41 55 35 26 106 77 63 32 114 66 
 96 26 24 92 113 44 104 38 14 69 22 33 
 37 79 59 106 14 36 72 51 14 91 71 26 
 66 13 110 103 41 51 81 94 34 72 20 57 
 66 84 13 55 64 93 59 59 115 78 43 32 
 39 102 101 70 58 73 42 92 95 75 38 14 
 53 98 51 77 80 32 105 33 76 88 11 28 
 59 63 48 42 67 13 47 94 
 36 86 64 78 35 83 79 106 74 90 25 14 
 26 73 53 50 38 88 86 35 107 49 88 11 
 91 28 106 6 37 53 26 113 65 43 31 67 
 49 5 60 64 35 78 17 49 101 97 66 52 
 45 8 44 56 18 45 66 85 24 40 66 57 
 80 29 106 84 98 68 87 55 94 89 94 28 
 37 62 72 42 50 50 62 23 10 60 89 36 
 79 54 102 69 79 93 35 63 7 78 106 90 
 100 63 51 83 37 43 24 18 54 68 82 89 
 40 42 87 105 75 53 105 95 33 56 44 67 
 100 63 88 96 79 73 55 94 52 90 74 49 
 56 40 104 100 73 23 31 17 87 57 19 103 
 93 24 91 75 36 17 94 24 34 30 95 29 
 49 37 42 83 61 91 59 99 7 96 40 79 
 30 16 13 44 41 69 48 105 94 25 14 63 
 98 82 23 109 54 36 120 79 83 70 20 107 
 70 18 81 60 50 107 75 26 
 58 84 80 86 25 89 78 43 33 38 38 25 
 58 40 18 11 86 102 58 83 21 56 59 55 
 38 37 29 83 104 54 36 94 42 19 50 64 
 35 32 43 67 104 21 35 94 89 23 58 86 
 93 18 54 85 73 62 101 83 48 61 63 75 
 39 100 92 36 54 18 99 19 97 40 50 12 
 50 59 114 101 37 43 55 49 65 72 111 66 
 105 40 99 107 4 24 116 95 15 90 19 89 
 46 44 72 37 92 10 61 79 28 77 73 102 
 60 17 50 38 7 16 80 71 91 78 80 66 
 38 86 73 98 108 9 86 33 117 38 67 104 
 111 26 47 84 88 46 43 16 69 25 19 73 
 56 103 46 53 61 93 103 100 115 63 114 102 
 65 70 15 30 63 48 77 91 102 53 74 33 
 71 34 90 2 8 86 71 18 104 10 47 40 
 117 82 78 34 113 20 46 70 45 45 101 25 
 67 38 46 11 81 42 80 49 
 72 56 51 44 92 87 88 100 90 56 70 65 
 32 42 92 14 102 61 77 47 59 47 12 4 
 30 21 87 58 77 80 36 42 36 7 114 46 
 9 91 102 85 51 104 102 67 71 78 20 11 
 66 12 58 18 54 55 66 58 100 28 51 88 
 35 83 103 61 64 27 21 77 61 28 20 85 
 114 76 75 23 35 11 91 54 19 24 100 92 
 25 30 56 18 44 95 21 44 109 46 97 77 
 46 35 67 28 39 30 118 74 38 19 58 33 
 54 11 26 98 31 111 22 83 82 72 47 19 
 37 62 47 86 105 65 86 88 67 95 99 32 
 10 71 30 106 75 42 49 82 94 107 59 99 
 21 23 37 44 67 28 34 79 85 107 36 38 
 66 103 71 69 103 55 95 85 53 65 78 40 
 71 19 42 16 89 28 57 37 21 40 13 111 
 95 65 30 13 53 93 8 111 82 62 24 81 
 24 61 67 22 17 13 116 39 
 63 102 82 83 68 11 101 10 38 102 105 85 
 91 74 95 30 52 66 94 112 80 49 28 47 
 112 44 42 47 67 95 75 63 42 26 65 75 
 54 73 78 66 69 31 65 46 97 66 24 90 
 89 73 18 32 36 111 65 54 80 39 53 21 
 17 75 96 81 27 14 62 46 59 73 75 110 
 46 31 15 39 25 98 25 80 82 85 55 30 
 22 78 23 87 95 101 53 30 17 81 91 57 
 34 64 57 30 91 71 50 50 110 50 52 71 
 57 23 14 31 22 35 74 101 19 86 64 38 
 77 30 80 43 66 38 46 66 53 42 102 47 
 27 94 107 39 57 77 104 30 71 66 49 16 
 93 17 78 44 104 26 85 38 56 103 31 46 
 98 42 19 99 41 95 105 18 59 68 13 69 
 55 24 91 111 98 68 91 68 71 31 38 45 
 101 59 52 43 38 8 32 59 98 43 83 13 
 112 49 88 87 94 83 17 20 
 44 7 86 64 37 73 77 43 45 56 101 64 
 94 87 46 112 19 109 41 32 86 98 100 26 
 88 20 62 59 22 88 50 66 98 23 53 107 
 25 69 38 102 34 115 106 92 93 112 42 102 
 87 114 33 107 112 68 24 77 29 78 92 84 
 78 41 68 92 62 110 94 41 69 87 34 27 
 14 54 84 17 4 37 101 79 66 13 30 41 
 58 92 27 113 104 103 14 13 60 98 105 100 
 13 32 77 66 47 37 22 64 30 39 40 112 
 105 54 24 5 88 23 89 38 80 35 47 56 
 15 11 21 37 22 118 62 57 22 113 65 87 
 51 38 28 98 80 81 109 91 46 51 61 72 
 20 98 100 24 68 81 79 57 17 47 13 56 
 71 102 37 13 93 39 33 92 48 64 92 57 
 15 15 19 13 49 63 71 25 41 55 23 109 
 43 21 68 105 117 92 88 67 67 95 60 19 
 20 103 71 107 112 36 87 77 
 40 14 92 37 90 104 76 41 105 36 116 80 
 34 47 53 74 115 34 49 69 79 43 11 108 
 70 54 38 26 72 16 75 90 50 36 42 85 
 54 74 78 33 13 6 41 50 71 70 105 100 
 104 102 58 70 33 78 84 37 66 27 108 104 
 34 11 96 14 53 43 15 43 26 71 78 39 
 25 89 82 77 90 48 87 82 88 47 69 51 
 83 70 86 85 60 63 67 115 90 28 17 108 
 111 15 90 37 54 42 72 79 26 95 67 38 
 62 60 13 19 22 64 46 45 61 115 57 113 
 16 96 52 101 65 97 102 75 118 101 38 37 
 64 29 63 95 62 53 83 74 32 7 96 55 
 21 70 65 61 85 48 6 45 93 32 53 81 
 101 88 65 77 19 25 20 17 56 21 48 55 
 24 98 106 106 53 32 53 57 104 81 37 93 
 71 88 20 108 42 35 55 81 11 78 94 44 
 71 100 97 51 98 50 19 84 
 80 105 25 61 35 82 18 112 26 82 64 76 
 25 58 74 30 85 92 71 48 77 45 47 45 
 50 97 54 75 73 48 78 113 29 34 62 87 
 20 67 77 71 34 76 102 31 5 22 17 104 
 58 13 112 12 97 109 118 10 53 74 34 90 
 36 91 40 14 42 24 52 115 99 75 69 28 
 69 69 78 98 64 68 90 103 68 88 37 102 
 40 51 10 17 21 86 11 58 36 98 32 44 
 85 20 39 56 77 61 25 57 22 31 71 60 
 104 4 67 22 36 96 58 53 89 77 40 101 
 81 36 49 44 31 67 16 58 92 87 86 88 
 34 24 109 39 59 12 56 83 22 104 36 102 
 35 50 23 24 96 55 80 20 33 23 50 77 
 54 84 85 100 34 13 83 47 101 40 54 73 
 36 68 14 96 87 99 15 84 90 71 27 53 
 51 34 50 39 93 16 82 105 31 34 62 48 
 12 71 94 74 78 50 11 23 
 63 115 65 31 20 30 74 31 59 64 65 80 
 52 87 25 40 25 101 69 100 60 104 86 71 
 80 73 57 33 105 20 20 93 44 111 39 21 
 77 92 101 31 35 89 55 70 73 70 71 73 
 28 29 70 97 69 65 68 35 25 55 80 48 
 89 14 55 94 32 39 57 101 81 51 90 92 
 36 97 17 92 94 18 50 25 53 93 11 75 
 63 71 29 110 87 76 26 8 89 62 102 16 
 74 63 17 52 32 88 28 4 41 16 36 74 
 76 114 114 48 62 7 74 13 115 16 6 69 
 57 16 29 63 40 15 37 30 71 89 42 92 
 62 31 79 84 76 58 34 106 108 59 25 59 
 35 112 33 33 73 40 86 108 99 19 55 88 
 66 48 115 94 56 25 56 87 56 111 78 25 
 103 19 23 44 70 77 2 93 97 65 74 40 
 79 104 30 83 89 32 4 14 87 15 115 88 
 51 45 49 83 7 78 69 50 
 13 36 50 44 57 57 54 69 92 69 16 22 
 45 68 29 95 17 21 88 63 33 96 15 29 
 97 101 47 27 106 68 33 57 54 67 112 107 
 77 89 26 71 30 30 89 87 34 61 69 47 
 44 79 11 74 48 32 65 3 21 70 87 32 
 15 76 60 50 103 14 40 72 71 85 28 83 
 18 18 37 69 65 10 9 84 106 79 30 9 
 86 87 62 73 5 12 98 111 87 62 75 78 
 48 105 37 46 85 81 50 71 77 21 118 84 
 8 104 58 53 48 37 54 96 77 88 63 31 
 85 68 64 39 108 109 73 27 95 85 39 93 
 111 74 51 86 96 112 78 26 68 98 120 26 
 88 92 86 82 100 82 33 26 29 83 80 96 
 77 20 85 50 19 23 33 3 61 42 43 99 
 79 46 61 58 55 69 86 14 81 102 77 56 
 28 21 29 52 15 22 113 62 45 43 92 61 
 86 53 80 69 46 51 91 5 
 82 103 39 60 80 11 10 113 108 75 58 33 
 30 99 21 42 37 96 82 22 36 47 47 17 
 58 89 34 86 48 22 51 41 73 60 17 99 
 23 49 48 40 88 13 27 67 22 73 76 57 
 38 34 41 42 88 23 37 95 46 108 60 28 
 21 66 34 85 35 23 77 60 96 84 76 75 
 88 107 94 76 33 60 48 18 97 93 13 89 
 89 67 61 98 39 69 35 95 13 113 42 42 
 79 56 28 35 43 21 55 82 31 107 25 41 
 110 42 25 47 23 46 78 75 19 76 31 9 
 52 16 71 89 83 73 88 74 72 26 73 36 
 43 70 66 25 71 6 56 86 45 43 8 30 
 77 35 84 73 72 86 91 15 76 92 70 16 
 42 42 81 70 32 64 71 98 87 80 79 51 
 75 101 97 16 49 112 11 56 77 61 34 101 
 56 23 56 46 54 85 109 100 35 19 19 59 
 71 64 28 56 56 84 75 92 
 62 86 64 12 10 87 10 86 27 16 89 44 
 21 53 93 16 85 5 24 78 63 75 6 14 
 87 26 19 93 29 77 88 14 92 79 21 15 
 87 28 21 84 14 47 60 85 96 94 47 32 
 97 40 80 12 49 67 7 7 36 25 96 10 
 60 100 24 79 28 45 100 29 89 11 26 11 
 65 26 1 69 99 85 98 22 63 67 93 81 
 57 63 83 27 30 24 80 62 69 15 12 77 
 69 78 18 28 51 1 71 76 20 88 9 80 
 43 24 13 93 39 40 22 59 53 63 100 56 
 15 70 64 84 47 2 87 40 26 90 75 82 
 68 37 40 32 29 90 68 1 99 80 97 98 
 88 32 8 13 61 43 57 22 44 29 23 6 
 47 17 20 44 18 18 54 59 95 29 50 82 
 51 10 47 11 1 92 87 38 85 40 79 10 
 66 49 89 98 81 91 17 55 80 87 16 13 
 72 17 25 23 45 58 51 72 
 53 48 99 86 40 75 55 61 12 83 44 12 
 12 97 63 8 100 67 91 56 17 9 15 19 
 27 69 40 35 93 79 30 99 14 27 59 100 
 65 11 9 60 63 100 1 80 1 79 82 19 
 81 91 73 30 90 55 90 79 30 74 38 53 
 70 18 6 4 20 91 49 20 88 57 89 78 
 38 54 27 69 95 55 84 47 17 18 78 95 
 86 65 51 57 37 54 41 32 69 72 34 77 
 68 6 74 15 77 42 72 1 50 28 88 32 
 18 60 41 54 9 23 3 66 57 55 39 66 
 14 56 54 24 41 11 2 52 63 59 25 47 
 62 65 66 66 18 29 32 20 49 99 58 49 
 68 7 30 56 9 10 31 63 36 45 68 77 
 97 75 34 12 21 60 76 77 30 98 16 53 
 72 85 92 80 29 49 75 88 13 90 26 72 
 11 89 40 54 89 10 59 36 8 79 86 88 
 66 42 85 63 29 85 100 92 
 53 44 85 56 58 59 68 75 73 15 41 21 
 90 19 10 91 66 62 86 45 2 7 52 55 
 32 57 96 57 66 41 32 58 8 78 13 88 
 96 51 44 59 86 45 10 5 33 4 22 72 
 70 33 92 41 69 17 57 36 62 80 35 12 
 7 55 59 73 96 81 61 15 60 17 49 37 
 2 68 54 24 85 17 90 45 15 78 7 63 
 57 37 62 2 9 10 15 74 78 84 63 7 
 84 68 1 70 30 23 59 51 77 91 76 73 
 53 2 64 1 22 72 42 41 73 68 61 69 
 35 65 32 89 65 61 59 76 49 76 87 86 
 42 4 87 93 78 45 64 46 100 78 27 80 
 22 14 94 7 86 83 85 2 10 86 67 99 
 10 89 98 43 77 63 58 90 93 70 79 1 
 80 80 92 32 51 33 95 69 58 24 45 87 
 21 26 97 11 17 37 83 41 19 42 66 18 
 64 11 37 8 39 100 16 57 
 70 72 16 20 89 27 22 100 79 43 61 5 
 63 14 94 53 45 1 32 51 53 67 80 58 
 14 23 33 61 96 48 13 93 42 16 78 92 
 57 95 94 56 44 35 91 80 59 34 11 34 
 93 85 45 61 37 84 96 66 43 23 37 70 
 38 37 21 87 100 30 3 29 58 39 31 61 
 24 85 70 31 13 47 12 4 71 18 42 1 
 51 82 100 94 74 57 27 48 100 64 23 64 
 58 52 3 9 52 38 89 91 95 1 17 72 
 89 86 100 62 96 51 24 96 38 25 15 38 
 39 94 63 10 76 96 38 95 38 44 71 6 
 62 39 57 66 46 12 35 13 9 53 11 53 
 96 55 79 69 97 46 98 42 82 23 91 64 
 18 74 18 100 74 90 87 91 67 63 59 54 
 74 70 12 64 57 25 14 68 9 25 78 39 
 88 52 39 99 54 58 40 18 39 8 51 42 
 6 94 14 32 7 2 53 70 
 86 47 19 27 75 49 13 47 80 76 75 24 
 32 21 65 45 16 32 26 74 11 83 57 36 
 86 83 99 95 80 20 32 75 98 38 13 7 
 65 45 48 76 65 47 12 37 7 2 36 67 
 39 1 45 32 65 54 95 39 74 7 75 42 
 47 52 23 77 34 60 34 100 86 4 91 86 
 30 97 13 88 51 19 44 95 3 42 81 90 
 90 48 52 57 40 35 58 30 24 7 88 32 
 29 52 8 2 60 89 50 58 48 8 85 84 
 61 64 20 9 97 56 2 42 38 65 55 45 
 64 61 49 17 88 64 22 42 28 74 45 7 
 66 36 67 17 5 83 22 30 95 2 26 34 
 20 63 58 78 17 75 62 1 33 98 33 53 
 77 75 55 56 84 8 37 2 42 51 19 38 
 92 48 3 26 69 73 59 42 80 7 87 85 
 97 21 66 72 45 84 81 89 85 64 52 70 
 59 59 63 75 87 14 15 39 
 13 50 87 70 58 84 51 53 95 53 7 50 
 4 19 96 52 9 76 45 72 70 25 11 26 
 26 53 86 8 59 75 100 88 79 58 22 57 
 97 17 68 33 91 89 25 52 26 55 14 81 
 40 54 64 43 44 25 67 14 66 39 52 80 
 75 57 55 100 13 63 38 79 82 26 10 95 
 4 22 30 71 11 88 15 46 65 20 62 43 
 83 4 86 71 71 85 94 70 12 54 93 34 
 44 78 50 24 65 35 13 99 81 85 93 80 
 64 47 32 82 18 98 44 9 20 73 72 80 
 39 84 26 49 4 33 61 98 13 37 57 76 
 60 40 46 52 75 30 75 54 51 36 29 69 
 46 34 3 75 47 14 59 71 82 49 49 90 
 47 32 43 47 69 98 43 19 39 12 11 7 
 52 30 16 60 96 29 6 36 2 96 15 72 
 18 82 19 22 18 16 47 59 97 60 56 81 
 71 39 76 32 34 90 48 65 
 85 84 44 64 85 71 98 57 49 72 38 26 
 42 4 57 56 75 42 89 20 66 1 49 50 
 88 59 8 90 37 86 29 74 57 9 70 28 
 59 80 72 53 61 74 20 62 93 78 13 44 
 91 7 28 34 29 8 10 48 97 82 77 67 
 99 86 59 27 61 45 88 14 24 47 31 95 
 19 35 87 2 99 74 60 4 14 11 2 61 
 17 7 59 18 84 52 2 31 28 45 81 66 
 98 55 79 76 40 33 13 96 16 11 54 64 
 50 34 6 1 99 78 32 53 23 95 49 47 
 47 34 91 50 95 92 70 80 80 21 7 68 
 30 72 89 19 53 77 18 63 97 73 96 46 
 14 52 26 64 98 42 69 73 91 16 33 87 
 29 26 35 2 27 52 20 40 74 68 65 73 
 40 34 62 10 46 77 4 97 32 1 73 41 
 53 89 42 77 32 9 1 3 17 19 21 15 
 69 73 52 40 14 100 82 15 
 96 1 51 14 66 2 44 61 39 13 49 30 
 59 49 27 88 93 43 56 54 7 16 7 48 
 46 34 19 11 50 17 14 47 51 22 38 82 
 85 80 60 88 29 99 13 74 45 8 14 84 
 8 72 39 94 7 31 5 75 6 8 23 94 
 39 39 69 19 44 60 56 14 88 11 33 77 
 5 90 10 12 99 23 30 87 21 72 78 76 
 82 52 62 20 7 87 50 27 2 60 92 28 
 22 2 26 12 22 69 77 76 80 42 67 80 
 71 23 36 68 85 40 85 45 57 39 61 52 
 17 86 71 44 15 44 61 16 43 56 51 71 
 92 98 41 76 75 29 96 10 67 7 26 44 
 61 94 57 48 19 23 18 87 12 43 40 77 
 18 29 87 76 73 53 20 84 62 18 9 17 
 24 52 96 34 55 50 31 77 21 77 73 26 
 11 6 82 87 80 17 96 53 5 22 17 43 
 89 43 6 42 58 15 98 86 
 65 28 46 76 62 95 13 80 45 50 99 16 
 37 64 40 64 15 88 63 99 33 4 32 2 
 76 2 65 31 62 52 59 16 51 1 13 62 
 73 59 71 10 24 99 84 55 61 44 9 73 
 22 59 49 36 19 28 48 84 28 24 40 34 
 17 60 81 87 39 33 47 11 33 29 38 70 
 57 30 61 75 5 64 44 19 15 55 46 83 
 36 17 14 67 50 27 56 34 26 46 83 27 
 100 10 83 42 47 68 80 13 53 71 49 5 
 50 15 33 52 19 22 31 56 19 68 13 76 
 55 51 23 6 50 84 20 8 12 40 39 67 
 78 5 98 37 30 74 50 70 39 59 97 69 
 67 28 65 68 61 49 65 82 67 56 36 26 
 10 24 82 53 62 52 17 98 51 45 28 86 
 15 9 51 94 71 31 94 15 100 65 92 28 
 17 99 23 4 17 27 74 65 86 86 93 29 
 48 97 7 44 48 64 41 53 
 47 72 23 96 7 37 15 81 72 43 44 42 
 97 30 73 7 48 68 100 91 18 62 11 51 
 76 48 80 9 11 10 40 77 71 79 21 92 
 66 56 85 5 42 96 33 14 74 26 37 4 
 10 5 62 68 5 16 29 80 62 99 92 95 
 41 1 64 43 42 66 86 98 28 36 64 72 
 81 82 59 44 78 42 70 54 64 89 92 60 
 6 85 74 24 32 69 84 100 99 30 87 84 
 27 95 42 21 29 100 46 13 70 76 4 30 
 1 6 65 62 79 89 6 24 39 75 7 39 
 19 95 81 20 5 60 15 80 99 46 97 71 
 68 42 61 8 98 80 36 64 92 17 44 82 
 35 98 6 16 80 66 24 27 68 37 92 47 
 40 25 91 56 42 23 45 50 2 27 69 82 
 64 14 7 38 61 45 67 14 20 31 77 89 
 66 11 56 36 33 79 12 71 41 33 91 86 
 50 52 62 60 46 93 71 8 
 75 21 51 39 76 34 28 3 33 23 88 92 
 94 32 66 64 76 25 18 78 8 63 26 90 
 25 79 11 99 77 49 95 4 49 67 90 53 
 65 98 54 45 80 34 93 71 18 24 53 51 
 69 100 73 50 97 65 40 35 80 74 38 61 
 30 77 10 37 13 40 29 60 15 25 7 78 
 78 42 31 71 54 56 52 89 94 53 24 67 
 26 62 13 34 34 28 73 38 99 28 15 20 
 3 47 56 38 74 72 85 91 53 51 24 29 
 75 65 29 14 42 54 2 7 72 49 59 50 
 21 53 32 19 37 30 46 13 65 20 46 64 
 47 71 17 17 41 83 79 84 15 64 86 8 
 13 94 23 43 70 91 25 88 78 85 13 88 
 58 77 71 23 53 12 55 8 99 23 70 38 
 87 85 88 69 67 33 61 3 16 87 87 44 
 15 28 95 4 56 79 1 28 35 39 94 3 
 32 96 27 41 57 3 42 81 
 44 23 27 15 83 30 23 75 71 68 79 80 
 62 69 85 100 15 16 62 18 99 57 53 54 
 76 70 87 26 3 57 69 21 76 88 56 50 
 74 79 78 48 6 96 67 13 25 96 47 22 
 21 94 51 34 42 43 20 24 68 52 47 29 
 82 2 18 80 57 91 20 97 12 79 65 94 
 59 48 5 5 77 63 65 66 52 36 3 49 
 14 81 2 6 100 82 3 7 97 29 92 27 
 68 65 47 78 27 100 59 29 77 28 29 15 
 52 97 60 75 96 86 40 33 25 28 41 42 
 74 22 34 17 10 100 29 76 1 65 51 12 
 9 86 67 20 16 56 63 96 40 94 87 37 
 50 11 66 51 45 12 11 21 1 57 3 13 
 42 47 99 91 57 67 29 12 6 49 33 76 
 43 79 12 100 93 24 34 87 17 97 73 68 
 3 32 23 76 2 91 61 45 76 76 10 79 
 46 71 64 92 27 76 33 57 
 32 63 68 77 23 28 25 9 15 56 35 44 
 86 61 20 90 7 53 39 59 51 65 100 98 
 89 98 23 59 41 24 78 67 68 96 4 72 
 99 21 16 32 67 17 9 35 43 42 81 91 
 55 92 55 100 67 63 46 50 15 90 56 20 
 73 23 15 59 46 90 81 26 51 86 99 32 
 7 36 40 97 80 91 20 55 95 80 10 9 
 83 91 55 85 61 11 97 77 12 75 24 32 
 68 76 42 80 68 81 2 32 78 87 54 80 
 63 95 83 5 84 9 91 23 19 42 72 100 
 77 47 68 29 2 53 18 32 48 10 16 69 
 98 34 84 3 34 68 64 32 18 14 53 9 
 91 97 67 77 52 80 75 37 19 8 72 73 
 50 2 48 51 8 66 15 26 49 48 40 62 
 35 97 65 97 30 79 45 84 93 78 94 2 
 19 43 74 89 54 22 97 1 19 40 96 30 
 78 43 37 82 88 93 1 71 
 54 15 38 18 44 93 9 94 74 13 11 26 
 18 38 17 91 58 42 16 4 35 55 80 54 
 1 62 61 62 41 15 29 43 70 87 48 32 
 63 31 32 47 32 81 41 75 4 47 86 28 
 16 42 86 70 80 9 52 57 26 63 55 91 
 95 30 23 34 75 95 45 75 51 40 31 1 
 70 87 93 70 92 21 94 31 24 17 48 80 
 97 34 98 19 13 11 68 89 94 26 14 50 
 68 47 61 79 29 39 60 59 4 54 58 31 
 59 86 93 78 85 85 29 17 89 34 39 67 
 30 90 35 73 43 64 71 41 57 72 15 74 
 81 17 9 72 56 29 12 74 38 36 65 93 
 13 85 38 57 16 88 31 76 58 9 74 59 
 6 75 95 5 61 19 10 84 47 38 97 38 
 61 80 18 10 22 40 29 49 31 79 71 75 
 1 42 63 66 82 96 89 55 7 63 20 88 
 7 62 32 34 27 36 84 100 
 60 98 20 50 65 38 39 64 71 49 6 42 
 24 17 58 5 100 3 68 72 27 5 17 82 
 33 93 52 42 83 18 59 51 6 94 49 1 
 80 41 81 3 75 2 7 27 23 5 75 7 
 19 3 81 13 9 47 91 26 84 30 26 26 
 32 61 48 27 59 2 18 64 36 33 77 79 
 94 63 21 94 99 71 7 35 55 91 86 80 
 55 9 79 5 17 9 94 98 55 15 10 14 
 90 79 25 41 67 70 83 50 88 82 80 5 
 10 50 80 96 33 82 23 72 25 83 56 51 
 96 91 80 70 89 2 41 44 79 2 55 29 
 63 78 89 23 27 29 1 20 73 50 57 45 
 87 17 18 85 39 32 29 45 97 57 93 47 
 32 16 69 95 16 71 73 20 72 57 20 51 
 91 96 85 93 66 51 33 86 62 56 79 10 
 77 91 39 13 2 11 25 35 40 22 56 93 
 99 6 32 8 5 79 34 33 
 68 99 17 78 25 4 37 66 11 81 1 37 
 79 66 63 27 6 78 55 35 31 59 100 11 
 36 52 68 78 31 85 26 16 55 74 66 23 
 47 32 35 82 97 95 62 52 41 38 11 9 
 10 6 44 43 79 35 33 67 44 74 1 15 
 76 91 23 94 61 78 87 74 86 32 26 76 
 91 27 24 39 23 56 28 24 27 63 38 56 
 20 31 21 28 51 58 35 2 29 83 87 7 
 1 92 18 76 58 69 42 39 76 22 35 76 
 40 43 95 88 79 40 67 63 47 1 64 8 
 93 14 60 15 37 20 16 42 2 17 81 68 
 37 84 51 6 42 52 25 41 70 94 24 60 
 95 51 48 55 16 69 97 65 15 72 50 31 
 5 33 39 34 99 78 85 87 55 87 56 61 
 90 8 10 7 49 76 63 47 16 30 78 15 
 39 33 89 7 72 86 62 22 98 23 22 63 
 38 21 19 66 6 61 93 34 
 29 4 91 45 71 25 96 6 91 34 42 28 
 88 62 44 87 29 29 39 56 43 66 65 57 
 71 12 61 37 43 60 32 3 78 75 51 23 
 90 53 39 36 80 41 8 70 96 95 100 6 
 59 98 7 98 23 6 1 92 64 41 70 27 
 76 11 79 91 66 79 60 3 22 42 43 87 
 51 51 27 19 53 45 29 11 45 13 77 13 
 81 63 100 88 88 19 90 60 76 12 74 69 
 30 95 72 48 39 45 94 53 80 87 38 47 
 11 97 38 98 81 11 45 59 21 25 64 15 
 26 80 52 57 75 35 89 55 18 24 22 15 
 74 88 11 76 56 93 60 24 79 6 68 6 
 66 57 90 93 6 55 30 88 70 79 68 37 
 62 20 34 13 86 89 34 60 19 69 50 45 
 74 35 100 17 27 2 95 24 14 34 77 67 
 56 86 70 68 20 93 36 14 85 82 51 56 
 100 35 14 34 26 58 99 95 
 41 1 48 89 84 83 28 87 44 47 53 33 
 53 23 90 66 88 20 38 1 53 7 17 41 
 35 28 52 85 5 95 81 10 71 1 77 100 
 37 23 11 76 86 25 53 38 37 44 30 37 
 93 81 40 7 35 53 43 73 76 59 23 59 
 26 94 54 19 89 65 47 7 35 63 23 21 
 81 16 92 24 9 99 65 84 63 18 94 36 
 57 49 76 6 17 36 88 99 20 40 9 98 
 28 48 100 65 84 21 78 97 75 93 74 33 
 28 7 3 57 39 97 35 92 6 97 95 37 
 61 92 89 44 74 90 73 71 33 25 64 25 
 51 84 22 26 28 49 83 3 11 62 89 53 
 67 3 82 73 28 70 15 13 21 82 55 29 
 38 73 6 7 55 94 51 34 60 10 37 79 
 7 99 91 69 38 29 100 14 5 44 39 77 
 28 13 85 26 19 82 99 88 19 89 4 23 
 57 72 56 37 98 31 39 69 
 89 79 51 61 46 45 48 33 19 52 94 96 
 71 45 89 17 87 90 17 51 84 13 95 84 
 9 2 61 75 9 51 79 62 60 50 4 7 
 31 18 79 45 86 77 21 20 81 53 43 71 
 66 25 91 45 59 87 43 99 93 47 31 88 
 96 44 41 67 15 92 72 34 49 29 76 35 
 92 93 77 36 42 98 99 22 5 30 87 92 
 31 28 48 28 99 90 14 10 22 57 45 40 
 60 7 64 63 17 29 52 34 30 96 2 28 
 96 15 45 50 65 68 54 14 44 24 40 73 
 27 39 44 74 11 9 45 86 8 20 71 13 
 8 43 58 19 5 3 23 77 45 6 1 82 
 15 24 27 27 3 37 87 87 84 21 40 8 
 43 90 27 55 84 78 71 100 58 68 78 17 
 30 55 50 60 52 49 23 93 32 7 25 47 
 73 97 90 67 90 89 3 39 61 63 15 44 
 21 49 24 37 59 70 30 97 
 29 12 77 51 38 92 98 3 5 45 51 84 
 75 8 86 59 71 12 21 90 65 62 66 98 
 61 23 76 32 65 91 67 80 34 58 85 22 
 81 55 53 80 31 89 93 46 94 47 43 55 
 66 87 64 79 15 94 70 7 56 12 56 93 
 88 41 76 30 86 97 35 41 23 31 44 38 
 16 13 22 38 71 61 66 93 20 28 89 25 
 30 36 53 11 67 51 80 23 100 4 79 59 
 37 56 75 73 63 83 65 39 77 11 95 62 
 7 69 94 59 89 75 35 39 89 38 74 94 
 65 94 44 22 32 36 32 27 47 85 39 79 
 58 48 42 92 38 100 53 16 64 63 100 87 
 39 85 26 34 31 24 29 87 29 20 32 86 
 75 64 24 40 86 54 41 19 27 33 37 51 
 34 20 20 96 61 5 91 54 42 41 72 15 
 53 85 45 69 49 29 12 11 78 87 82 50 
 32 55 84 48 46 18 46 20 
 407 417 416 418 401 410 402 379 384 415 402 404 
 427 403 393 386 421 406 400 428 
