10 100
56 77 45 41 56 27 34 41 50 55 61 40 72 27 62 32 37 76 52 32 40 44 41 35 24 55 37 47 69 36 50 59 21 71 73 51 59 41 54 69 52 48 40 46 55 58 48 11 39 39 33 33 40 62 62 67 66 77 42 86 37 43 44 75 45 46 29 68 50 19 82 44 56 48 45 24 79 38 41 51 56 44 58 57 71 63 51 27 46 45 47 57 39 86 68 66 18 71 61 61 
62 64 86 47 72 41 40 49 42 51 48 37 54 53 60 27 63 29 30 74 31 49 53 52 25 57 74 59 86 66 37 87 39 79 58 48 72 48 65 84 58 27 72 54 64 49 62 32 53 57 58 54 28 58 59 74 63 70 41 42 26 62 55 35 48 67 45 68 34 36 68 58 41 78 56 59 70 50 51 35 71 64 59 71 80 57 43 54 53 36 24 54 46 84 37 57 39 99 54 66 
43 43 38 31 41 35 50 78 26 59 39 36 75 68 65 44 43 54 7 66 55 49 43 46 21 65 70 67 46 51 41 60 57 53 54 49 53 49 46 29 82 26 65 49 84 53 66 68 19 45 67 54 44 75 65 58 50 55 70 62 25 44 29 62 57 64 46 71 59 44 80 42 47 45 35 53 62 47 41 61 54 53 41 60 72 48 47 63 36 45 16 47 65 67 39 75 23 77 21 59 
73 69 52 35 30 45 39 71 44 36 76 65 47 47 68 47 68 67 32 34 36 86 18 36 49 47 64 71 65 37 34 68 56 78 54 52 63 24 43 63 70 37 56 43 77 73 34 69 21 49 49 44 13 52 56 51 44 62 37 56 48 44 36 50 44 53 21 72 46 63 88 51 52 51 53 45 69 43 45 45 68 26 52 64 53 57 25 31 52 69 10 48 43 66 49 41 39 89 58 51 
46 20 29 47 67 42 33 63 22 69 64 61 81 36 78 62 79 28 36 62 43 40 35 40 54 78 48 36 67 42 60 68 58 62 73 45 48 46 35 34 66 32 51 81 66 42 38 64 50 34 40 78 31 59 67 57 69 65 52 40 32 59 43 55 37 24 45 82 78 39 42 57 24 55 17 52 63 66 49 60 34 55 47 84 50 40 35 50 43 63 27 30 60 56 47 76 32 60 58 57 
84 89 62 28 48 57 49 48 72 64 42 55 70 51 26 45 52 59 34 68 39 53 45 32 45 39 69 60 47 50 67 82 78 54 51 61 44 30 31 80 80 43 51 20 66 41 39 26 38 55 46 40 11 69 46 72 92 62 19 46 33 57 35 52 32 34 32 47 73 50 66 43 47 78 48 47 68 41 58 41 53 64 40 49 54 71 36 88 43 30 42 82 51 66 42 42 32 78 24 87 
43 45 49 52 42 24 66 64 42 42 39 64 60 29 69 76 50 49 35 65 1 51 44 45 52 62 55 39 72 69 49 61 66 66 64 39 50 52 13 69 55 33 43 54 15 55 53 41 37 45 29 76 46 76 54 71 63 45 27 68 68 41 60 43 57 41 14 90 37 35 59 29 46 45 42 47 58 22 29 69 37 46 47 54 45 66 64 21 48 57 30 37 56 82 43 76 29 81 61 59 
57 60 59 38 65 25 43 44 44 48 60 48 41 33 49 74 58 58 32 78 31 46 41 12 51 46 53 39 67 36 43 65 39 87 69 62 51 51 54 78 66 37 58 47 60 51 76 47 42 30 41 54 37 62 67 68 59 52 14 49 66 65 1 57 11 31 41 69 25 31 65 55 32 62 20 50 80 33 50 47 79 41 36 66 58 69 74 44 50 40 37 73 36 55 39 66 31 78 51 28 
70 47 62 48 62 48 54 66 51 40 33 48 66 40 55 58 34 55 39 69 40 58 24 38 59 69 41 36 95 43 61 100 58 70 48 61 54 53 76 57 90 36 31 51 69 31 64 37 32 36 44 34 52 57 35 43 93 80 31 68 50 52 54 50 54 47 52 93 71 38 57 28 21 42 57 24 53 32 41 66 47 27 47 66 65 67 50 66 59 45 42 67 51 84 72 78 51 72 55 67 
57 38 61 50 77 31 51 64 34 65 38 31 65 40 52 59 48 47 36 78 59 60 28 42 21 45 67 39 55 63 49 73 55 50 59 34 47 56 35 60 78 45 54 28 90 38 60 52 42 52 54 58 37 42 47 67 68 45 40 33 49 44 38 59 54 60 44 100 35 26 58 31 39 77 72 41 79 41 40 53 55 49 34 49 56 51 62 51 58 50 36 69 50 71 44 60 8 79 51 53 
47 42 43 61 43 73 50 46 41 52 42 58 39 56 36 45 59 52 60 54 57 56 59 56 66 45 48 47 31 53 54 27 69 33 37 57 43 48 35 35 41 59 51 58 45 39 55 71 59 45 58 56 61 42 59 31 50 43 58 24 62 67 54 38 55 51 70 36 59 74 31 60 52 55 61 66 8 59 53 46 37 48 39 60 23 45 62 56 61 63 56 45 43 18 52 37 84 32 40 41 
30 48 29 47 31 74 61 50 49 45 49 50 42 54 40 43 55 64 74 39 59 51 44 61 63 49 41 33 21 42 66 7 56 32 55 67 39 59 42 40 33 69 41 41 33 56 42 60 56 37 34 47 65 43 42 27 42 36 58 50 72 50 44 56 56 38 65 29 64 57 26 39 51 32 51 40 24 59 56 56 58 38 42 38 31 39 52 45 48 58 68 42 59 28 49 39 66 20 51 26 
54 62 56 62 45 64 57 32 78 45 52 60 34 56 38 51 68 48 80 32 58 48 50 70 52 36 47 35 55 42 60 27 43 38 38 59 34 51 45 60 19 86 33 60 37 49 39 24 72 46 41 49 54 44 40 43 38 62 39 47 70 60 70 58 42 47 65 30 52 70 35 71 54 47 55 48 36 56 54 49 59 49 52 26 32 47 60 57 48 56 74 56 46 30 61 42 76 36 77 36 
28 33 50 68 50 59 59 39 57 65 39 42 40 51 60 51 35 39 70 56 53 34 70 55 53 51 45 45 42 50 50 23 43 37 51 54 36 57 56 42 33 76 43 61 39 35 55 55 71 55 56 53 84 58 41 45 54 32 59 43 63 58 58 52 66 55 70 27 55 52 31 57 47 44 48 60 36 57 48 58 51 51 57 41 42 45 65 56 47 45 80 40 57 36 54 56 68 12 41 38 
36 76 55 54 35 69 63 44 65 43 53 49 14 53 44 39 49 64 74 33 55 43 61 57 38 28 45 63 41 53 50 35 59 42 34 63 51 56 60 49 37 65 41 45 44 42 45 52 54 59 51 29 75 42 44 51 39 42 49 57 75 43 64 43 59 69 59 24 30 68 40 55 61 43 73 60 34 53 64 48 67 38 48 44 52 48 69 39 67 37 83 52 50 34 56 46 74 44 51 48 
30 28 53 73 44 62 51 54 35 39 56 52 35 47 59 49 50 60 79 41 61 43 56 61 37 53 35 45 43 46 45 19 38 33 53 45 55 64 68 15 23 50 50 65 37 58 48 55 66 37 56 63 87 34 46 29 14 39 67 61 65 51 57 50 56 60 70 47 43 40 21 59 56 42 50 58 30 59 54 51 47 40 66 46 42 51 57 21 40 64 59 18 47 34 60 57 76 28 75 23 
45 58 51 55 68 70 49 39 56 49 55 55 28 69 40 35 65 52 71 54 81 40 52 61 54 47 51 66 41 31 58 25 52 29 43 72 54 54 79 39 43 65 54 44 70 56 52 56 71 46 68 37 63 45 50 32 43 35 52 45 48 63 45 64 33 53 77 21 61 56 38 63 63 56 56 54 44 63 58 38 61 54 48 56 53 37 47 65 45 47 64 47 60 29 49 31 65 20 52 36 
38 34 48 59 50 73 43 56 58 47 51 48 48 60 52 60 41 35 69 30 65 50 45 71 54 51 53 68 38 45 48 30 63 25 43 53 42 52 43 33 31 63 41 58 42 47 28 56 59 69 58 36 48 55 41 31 47 43 76 58 43 36 72 43 48 64 54 32 69 55 43 49 63 49 53 56 28 66 51 54 25 56 59 54 45 47 37 48 46 67 68 30 58 39 58 45 70 33 64 51 
26 58 52 44 60 71 38 39 40 55 56 54 30 69 38 42 55 49 74 39 58 42 58 63 53 33 49 58 22 55 59 1 45 30 38 38 35 46 34 41 34 64 46 51 30 61 39 62 62 65 50 51 60 44 68 51 32 25 55 49 52 49 61 47 49 54 58 7 25 60 33 69 65 46 57 78 41 73 63 47 61 59 53 45 47 36 48 40 37 56 61 37 62 8 43 23 56 39 46 41 
43 43 55 63 37 65 60 35 62 39 51 62 28 65 39 28 53 61 74 33 49 30 62 62 57 52 36 50 31 27 51 22 46 46 36 61 39 40 58 47 25 78 38 57 37 53 41 42 66 55 51 45 67 53 51 38 22 43 57 51 54 46 68 57 52 44 48 8 66 84 42 62 61 46 48 57 21 68 45 48 68 43 60 54 38 41 36 43 51 60 63 41 52 29 57 46 88 10 47 47 
495 467 503 501 507 486 514 498 477 486 
