10 100
56 76 39 46 49 54 45 66 41 68 53 54 51 45 43 83 45 52 63 46 51 58 34 60 66 14 57 45 40 40 44 68 63 54 37 49 51 34 37 42 41 52 66 50 30 25 39 28 80 28 69 49 64 46 67 63 65 51 31 41 42 38 56 60 51 14 68 54 63 45 38 38 49 54 57 63 50 46 74 33 64 60 79 57 68 41 32 35 63 47 23 69 35 46 30 58 58 82 65 37 
62 64 59 77 59 43 43 38 77 70 59 94 67 37 41 57 54 41 92 21 40 62 55 67 100 36 56 25 46 56 51 17 75 60 30 54 61 56 65 47 35 44 46 55 48 34 69 36 35 45 64 78 70 61 74 40 37 65 62 48 35 41 68 42 70 32 32 40 73 51 27 25 56 77 53 41 69 36 42 51 62 64 70 43 89 44 47 43 50 28 40 57 41 54 71 40 68 40 50 43 
45 63 64 55 43 65 70 36 75 44 59 70 46 63 64 69 22 32 37 32 65 50 56 43 64 45 61 44 71 59 64 51 71 44 41 46 69 46 41 27 33 53 93 41 66 49 68 40 71 53 65 74 54 52 76 61 77 36 16 33 43 39 66 34 49 38 52 58 51 46 38 34 41 68 44 46 58 40 26 16 46 67 69 27 68 48 29 25 42 29 24 61 52 57 62 57 48 69 31 34 
53 48 79 76 48 45 22 30 47 55 49 70 48 17 63 38 74 56 67 49 55 60 47 37 81 57 71 26 79 61 61 39 44 54 16 84 63 43 43 25 50 57 64 35 41 40 54 12 45 59 82 69 81 36 72 45 86 48 38 48 65 47 65 45 62 39 49 58 68 57 48 56 51 48 32 60 59 41 37 40 71 38 97 34 36 69 28 58 30 55 15 81 61 43 27 40 68 39 46 46 
29 60 37 74 30 38 62 42 57 41 52 53 46 27 49 46 40 26 76 59 21 61 33 24 81 19 57 29 59 67 31 45 41 41 32 55 31 67 17 27 45 35 70 68 47 54 56 32 43 28 72 43 66 61 40 65 36 35 42 27 44 58 69 43 39 54 38 51 57 45 54 44 59 35 50 64 37 54 43 19 70 54 79 4 78 46 59 44 35 58 7 65 69 56 31 57 50 43 31 46 
39 34 77 55 44 53 82 50 40 57 63 68 42 26 48 52 67 53 53 36 43 56 34 59 77 52 71 18 86 42 55 46 75 52 1 52 69 57 74 61 35 25 69 74 51 57 43 33 57 33 62 46 23 37 62 43 25 56 44 37 37 42 60 37 42 26 25 57 49 42 40 26 66 63 40 65 36 37 22 36 91 38 89 21 63 43 38 52 44 72 41 62 37 42 27 70 68 50 45 23 
46 53 39 62 65 53 62 60 66 61 43 79 46 79 46 55 35 24 76 23 46 64 45 60 95 62 54 51 65 49 28 54 39 87 19 46 74 30 58 46 37 54 59 26 63 24 49 46 53 55 57 56 61 37 89 71 83 65 85 43 29 29 62 33 35 64 45 75 79 50 39 39 52 58 61 66 65 49 35 45 47 46 85 34 35 65 24 46 44 46 15 67 64 50 63 50 31 51 46 34 
61 44 42 51 56 31 42 26 57 75 62 68 64 56 52 44 37 60 84 62 32 62 17 44 93 42 56 34 54 56 49 34 68 52 16 55 54 54 53 59 25 46 65 50 56 47 58 28 50 47 67 59 59 36 59 48 50 42 45 31 27 45 77 27 28 38 22 28 88 62 39 42 50 64 42 66 24 38 28 23 65 40 90 40 80 66 39 22 24 37 18 71 41 43 51 63 51 59 54 31 
48 47 69 50 59 28 22 70 68 62 70 86 58 20 56 42 4 42 70 63 41 57 53 47 48 57 48 24 47 40 62 36 49 89 47 60 57 56 69 60 48 41 56 55 37 41 33 17 48 61 51 73 58 49 44 49 60 37 52 45 51 19 65 31 50 60 67 51 79 56 52 29 25 39 45 62 47 37 51 30 62 37 55 41 77 58 46 37 50 60 46 81 54 55 74 54 45 67 39 35 
85 70 50 47 25 55 65 57 33 51 57 81 52 36 54 44 44 47 100 41 30 57 50 36 75 60 96 44 43 71 45 47 68 39 18 60 65 48 70 45 55 41 60 67 44 45 67 54 57 20 61 78 69 58 65 39 50 60 36 39 44 45 62 49 70 58 84 46 71 54 48 34 13 60 49 56 34 49 32 34 53 35 100 26 66 59 30 40 28 35 15 62 70 33 45 46 58 46 26 53 
39 25 46 50 51 42 40 56 38 47 49 40 46 49 68 36 56 53 47 59 50 34 58 55 20 79 43 64 54 49 56 48 42 49 76 56 44 64 46 45 65 53 38 45 72 63 56 65 58 62 33 43 30 53 48 41 42 54 57 66 59 54 44 56 54 86 55 48 38 50 43 69 49 48 54 46 65 58 44 73 33 39 27 48 47 57 63 66 44 52 82 37 52 50 77 53 38 44 45 61 
39 37 46 25 33 59 57 52 22 43 49 29 30 53 58 43 57 49 18 70 61 34 43 49 1 61 34 73 56 42 58 79 31 44 77 50 35 58 48 56 60 56 42 51 50 52 38 73 62 55 40 19 47 47 35 44 54 54 44 57 53 72 33 57 29 63 65 45 27 52 56 72 42 36 42 53 44 65 74 54 43 30 20 56 23 46 56 53 57 66 58 41 65 53 44 47 37 50 57 62 
56 44 43 48 49 45 49 68 44 53 49 26 50 38 32 31 79 68 54 50 46 37 64 51 43 64 44 66 33 48 42 46 36 57 61 40 39 48 41 72 68 54 27 48 47 65 42 65 48 53 32 23 44 43 38 37 35 50 68 83 59 65 39 51 46 63 43 40 45 59 57 58 59 34 65 54 52 64 59 94 49 41 26 58 31 51 65 70 39 66 74 40 46 46 46 51 47 39 61 57 
44 45 31 35 60 47 55 63 54 38 54 20 51 60 35 60 28 44 33 51 56 39 53 54 12 65 36 66 33 43 30 66 49 47 86 28 35 63 58 72 62 54 46 54 69 53 42 81 53 49 28 29 30 58 16 42 27 54 54 66 36 63 42 51 45 66 54 39 30 52 52 46 51 60 63 43 49 47 61 57 46 53 12 60 57 32 73 52 77 46 92 26 47 58 74 57 47 50 56 52 
51 48 53 38 51 51 58 55 42 52 41 48 62 55 47 49 58 65 18 47 71 34 63 65 40 67 44 72 31 46 54 67 70 51 71 50 53 35 59 64 51 64 26 33 56 54 48 73 49 46 44 43 50 46 45 47 53 72 56 80 41 45 29 50 55 49 71 42 44 52 54 76 58 51 55 31 57 46 77 81 33 41 20 84 24 49 51 58 55 46 84 38 45 58 71 39 50 47 64 62 
52 59 33 46 50 51 40 53 62 44 31 47 48 57 50 47 52 49 36 57 60 46 74 41 27 52 43 80 31 57 51 61 25 33 88 45 40 52 35 44 69 65 38 43 46 44 61 72 67 63 48 55 61 56 20 47 58 33 54 70 57 64 39 67 49 76 66 50 43 43 64 63 35 53 56 46 57 52 80 66 22 63 18 78 41 52 66 57 54 34 71 22 58 41 66 46 40 45 57 70 
56 42 61 39 23 50 40 39 44 51 59 21 60 51 43 45 76 71 44 61 49 25 58 52 17 51 40 61 44 49 63 47 50 39 69 39 42 68 54 65 55 54 46 71 41 68 39 59 53 38 33 33 44 56 27 44 28 36 19 63 60 53 43 56 52 48 61 33 26 56 58 74 47 56 63 46 52 62 72 60 49 56 20 45 53 35 72 44 56 55 72 36 27 53 58 51 65 50 50 68 
46 57 45 39 49 65 48 67 48 32 54 38 40 50 42 65 68 52 34 42 72 45 77 49 22 46 54 63 36 43 61 69 38 41 64 46 40 60 39 42 64 59 36 39 53 58 39 69 50 48 36 47 48 54 38 37 47 51 50 63 49 57 25 69 51 68 77 65 23 37 45 66 50 37 53 40 70 58 73 62 52 62 21 70 42 30 54 61 67 61 77 30 58 45 51 38 54 46 52 62 
62 43 27 38 47 60 59 45 31 42 47 29 46 71 31 53 76 52 27 46 53 29 51 56 29 52 48 69 45 51 39 65 50 21 62 34 64 53 38 56 58 57 23 47 58 58 50 71 42 46 43 34 43 52 39 45 49 60 49 52 59 91 30 56 52 46 47 65 35 52 51 63 67 54 51 39 49 61 50 73 33 56 29 69 35 40 60 53 50 40 62 40 62 56 30 48 43 41 59 67 
23 32 46 50 67 38 46 47 49 49 43 35 50 50 49 48 62 55 11 60 59 46 56 69 30 59 33 57 45 38 52 52 37 66 78 37 40 54 42 67 63 65 45 37 54 60 38 56 54 64 37 19 40 55 31 74 51 56 65 62 61 63 46 47 42 65 35 40 28 52 37 82 71 39 48 40 65 53 69 66 47 48 6 66 37 35 78 52 68 66 78 36 43 59 67 50 47 61 63 49 
512 483 503 494 521 514 495 508 493 505 
