10 100
82 41 70 45 41 42 41 47 57 44 70 62 62 30 38 50 60 59 34 42 96 50 42 36 72 22 62 59 56 28 50 72 56 28 36 60 63 57 23 61 37 51 25 48 69 25 83 41 28 46 50 26 62 48 48 9 61 15 42 45 49 30 64 62 86 50 29 64 63 8 23 45 24 65 72 54 52 50 71 55 37 54 44 49 66 52 57 64 36 47 48 57 42 27 56 33 69 51 71 56 
65 64 53 42 35 35 46 37 47 16 52 48 12 30 16 27 53 38 51 47 71 58 63 51 50 66 42 67 67 17 72 60 66 21 45 77 56 41 36 70 62 76 12 30 68 14 58 69 65 41 32 51 27 50 34 47 49 20 39 77 56 41 66 31 74 59 45 57 75 14 5 73 20 62 64 62 40 54 68 30 44 73 42 52 86 49 56 54 59 39 71 47 37 38 66 54 60 45 73 23 
52 55 48 38 67 46 74 52 35 59 64 41 55 71 22 29 80 35 28 27 51 62 69 37 85 14 30 62 89 22 50 59 39 50 32 42 51 61 57 64 35 49 8 65 61 19 39 48 53 39 40 37 59 60 40 23 26 19 50 54 46 38 58 52 83 55 52 64 56 26 28 47 27 68 76 45 58 33 60 50 35 53 62 77 56 56 57 45 74 64 53 29 35 55 51 24 66 50 64 24 
70 38 45 54 67 20 25 44 71 50 51 13 37 58 48 29 42 42 56 24 49 66 77 38 40 40 67 65 88 51 72 40 43 20 36 54 26 22 60 44 38 71 31 1 53 33 45 53 16 48 48 31 43 76 57 46 61 42 42 74 55 66 49 34 49 38 30 76 54 22 14 53 29 84 71 44 26 37 57 31 23 61 28 53 58 62 53 27 70 47 47 57 23 62 51 87 62 55 26 27 
70 58 47 58 54 29 54 65 82 43 82 59 62 60 55 13 53 78 38 43 48 66 73 56 70 39 56 38 61 42 49 86 56 58 6 82 41 58 63 54 68 43 45 40 59 3 74 38 77 33 37 52 53 85 46 62 58 29 64 71 44 46 70 44 53 50 55 71 75 33 28 78 48 82 80 58 48 33 59 61 38 65 43 38 49 65 52 73 79 87 54 35 54 51 53 32 65 33 65 24 
76 53 47 78 44 24 38 66 55 41 62 24 32 37 45 50 24 55 51 47 48 74 76 48 45 31 54 51 69 53 45 48 28 51 36 49 68 39 52 69 54 68 31 36 55 29 62 42 30 35 22 35 26 54 45 67 42 41 28 73 45 42 87 30 58 54 47 75 90 17 34 32 45 73 61 34 58 60 39 34 29 75 54 66 61 55 47 62 77 44 58 49 30 61 50 54 62 53 95 40 
63 38 80 43 36 25 55 53 56 61 43 57 59 74 66 46 46 56 62 28 72 53 53 47 68 51 78 68 55 39 68 62 49 71 41 64 68 62 74 48 53 61 27 30 78 41 52 48 33 58 19 25 40 55 33 41 32 45 60 77 43 22 54 74 83 91 55 86 44 28 14 68 13 66 77 47 58 62 41 23 11 72 49 62 69 50 60 64 68 53 40 50 44 65 52 41 46 23 83 36 
84 5 39 28 46 44 65 50 74 39 56 50 58 59 76 64 48 52 33 32 68 62 37 56 64 51 69 74 61 37 67 36 71 43 35 77 57 62 44 84 80 47 6 43 88 41 50 39 45 39 18 48 34 60 54 45 52 20 34 75 62 52 76 37 51 42 61 53 66 56 39 65 31 73 51 70 46 30 35 48 47 50 48 82 63 27 55 68 55 72 32 53 50 50 31 22 61 30 46 17 
84 61 56 18 78 27 50 51 42 46 47 40 64 51 57 26 45 43 37 40 50 69 69 46 64 44 83 45 92 56 67 58 63 73 65 66 64 48 41 63 47 71 29 70 59 15 48 56 54 32 36 51 55 41 47 41 23 31 39 89 33 40 66 46 62 51 50 48 69 24 3 41 34 98 55 62 48 52 42 35 17 60 57 58 68 57 60 66 51 56 75 34 28 42 62 41 66 56 76 23 
63 61 47 79 74 27 57 22 48 81 46 50 27 37 37 58 43 51 36 31 77 63 62 47 49 37 60 73 64 28 45 53 41 48 32 71 54 41 49 60 41 55 18 58 65 19 47 54 53 52 25 71 43 76 65 33 45 34 50 74 51 87 67 48 66 40 77 56 65 41 41 61 35 52 62 41 42 49 62 33 27 80 48 90 52 46 76 72 42 55 54 48 36 32 51 18 70 15 65 50 
21 60 47 51 59 66 56 54 53 48 44 49 50 43 65 51 54 43 67 61 27 46 50 58 42 78 35 39 39 64 48 35 61 49 68 38 50 44 65 44 40 40 81 38 28 67 25 60 44 63 56 69 43 44 44 71 57 75 57 43 54 51 47 49 28 54 57 37 32 84 73 48 72 40 37 39 50 54 41 46 53 31 52 54 35 54 50 37 57 54 45 56 62 57 51 62 38 60 38 60 
34 38 45 71 60 71 46 51 45 72 49 52 72 56 74 72 48 56 35 62 53 55 39 38 40 55 54 33 32 64 29 44 45 67 49 35 48 58 57 46 33 35 82 73 35 79 44 43 58 53 65 36 67 40 60 54 67 90 60 39 39 64 38 75 28 41 56 24 21 75 82 42 61 39 45 50 53 47 43 66 55 38 55 45 33 61 51 49 49 50 47 50 78 46 41 63 43 54 28 77 
47 50 65 46 37 55 30 53 49 40 32 63 47 50 69 57 23 64 73 62 50 43 48 50 23 82 60 50 33 69 40 40 45 59 70 42 48 48 50 46 67 36 84 47 39 87 64 53 46 53 61 65 34 39 61 78 76 67 51 33 55 57 28 53 28 52 59 41 46 65 71 47 71 38 33 56 45 64 38 56 71 54 50 34 45 56 46 42 28 42 60 75 72 44 50 73 39 70 41 67 
26 49 61 58 47 73 50 56 30 58 53 55 63 51 61 65 66 59 42 71 57 23 30 61 60 66 39 34 28 54 37 55 45 71 56 37 65 68 41 45 65 34 67 81 41 89 41 64 73 59 66 67 66 30 51 65 44 64 67 31 49 39 47 59 46 67 62 33 29 71 92 43 66 20 33 66 63 55 41 70 67 35 63 39 43 47 57 63 43 50 53 54 67 36 44 37 37 46 55 76 
34 51 51 43 53 74 44 31 19 57 25 49 44 47 57 69 46 45 54 62 49 39 30 51 36 72 44 50 34 61 43 20 39 43 96 27 49 51 42 46 40 54 57 50 40 90 36 53 55 67 65 48 52 23 50 49 55 69 48 32 57 52 38 63 47 49 51 33 35 67 79 27 63 32 33 57 54 65 56 45 71 36 70 54 54 47 32 29 35 38 34 78 61 56 53 59 42 59 37 51 
29 49 39 35 50 74 49 43 41 68 44 71 51 60 49 56 62 54 49 69 45 40 44 39 50 68 40 51 34 64 50 52 65 49 70 29 44 44 51 37 52 33 63 55 63 74 45 65 66 48 59 63 61 39 53 49 45 68 63 24 49 58 34 52 41 45 44 23 16 80 71 62 59 28 32 57 54 47 51 60 76 17 35 49 42 45 51 61 32 49 37 52 61 48 51 50 44 61 15 61 
32 61 22 63 61 80 52 51 36 48 45 47 43 46 60 47 59 48 33 66 19 51 51 66 44 49 23 26 30 60 46 42 55 46 53 33 40 37 27 47 59 41 62 69 37 64 45 63 64 52 80 60 51 56 60 55 56 57 57 31 55 66 47 46 21 33 50 26 46 83 83 47 76 41 23 52 52 42 55 57 76 43 55 47 36 46 37 31 44 46 45 49 68 40 47 58 55 58 22 64 
23 75 55 65 50 58 45 44 30 61 39 48 52 50 52 42 55 40 62 70 48 41 47 43 42 58 33 27 33 57 43 67 32 59 60 30 34 39 46 37 35 52 85 52 28 70 61 54 49 70 76 66 46 41 54 66 57 73 66 15 56 45 37 63 47 48 57 38 31 57 62 44 63 24 45 57 52 60 66 54 55 34 54 21 40 66 48 31 35 39 67 48 66 54 52 72 49 68 47 74 
17 39 35 57 30 51 44 53 59 61 44 45 44 51 48 56 66 45 62 49 51 16 36 51 36 54 39 49 30 40 30 47 36 34 57 35 35 53 59 34 49 37 67 46 35 77 48 51 57 57 70 54 41 41 49 66 80 72 53 35 70 46 38 46 47 59 38 43 27 74 75 59 70 16 58 39 66 43 59 66 84 38 43 52 39 41 45 33 61 51 27 40 72 49 56 59 36 44 31 61 
47 63 45 31 33 64 41 67 60 23 65 53 60 53 53 57 52 48 80 64 35 38 47 47 39 77 50 28 34 70 44 49 52 53 68 35 52 63 37 38 50 39 89 53 50 82 54 54 57 62 69 36 58 39 51 74 54 70 48 27 54 39 39 46 46 54 36 28 22 71 60 38 62 48 39 45 53 50 50 58 72 30 70 26 50 41 36 42 53 51 56 60 69 58 40 71 17 76 43 57 
506 516 521 529 490 499 493 503 486 508 
