10 100
69 50 44 32 55 3 39 62 77 27 62 57 60 59 76 57 63 65 56 58 11 45 29 58 62 52 29 43 48 47 51 22 50 46 42 33 32 42 47 49 58 16 68 30 29 71 52 33 50 60 56 49 48 70 52 47 62 55 40 56 26 35 41 55 38 56 31 51 59 58 56 17 52 42 52 35 30 80 45 55 72 30 83 90 54 47 43 45 54 72 48 53 51 85 25 34 34 80 69 34 
47 58 79 40 50 22 44 84 63 42 65 58 63 51 60 59 51 70 50 83 65 52 55 76 49 63 41 45 57 39 34 33 80 30 57 47 38 33 41 49 54 22 69 45 72 60 51 47 64 78 57 77 50 67 54 88 46 65 24 44 55 69 47 56 25 61 55 40 57 53 38 35 57 64 40 69 49 26 62 32 71 59 62 64 47 44 70 60 45 54 38 39 79 100 54 41 66 71 64 79 
52 68 18 41 48 61 65 95 40 5 38 62 66 52 46 45 66 69 28 65 76 21 31 58 34 47 53 72 45 60 37 38 54 51 48 31 68 49 62 32 73 31 68 40 49 53 56 29 36 64 44 75 52 57 47 81 81 75 11 50 47 80 75 56 16 38 53 71 48 33 35 67 37 46 54 97 19 36 43 39 95 12 76 77 50 45 52 77 75 56 48 29 26 89 61 78 22 69 68 49 
45 68 35 33 63 52 69 55 56 42 39 59 61 62 47 64 64 62 62 59 41 20 28 60 50 62 41 78 44 36 79 17 55 41 62 57 47 38 34 53 64 55 53 9 73 76 56 55 49 42 70 54 61 62 44 52 50 49 17 55 64 31 20 59 58 31 33 72 57 56 53 38 68 48 44 56 27 65 41 51 68 29 63 65 49 25 59 42 73 50 68 34 52 78 68 52 63 72 86 67 
70 31 52 35 49 47 48 82 45 16 35 69 73 61 57 53 59 73 53 66 62 29 38 53 50 63 48 78 14 52 48 55 39 20 66 53 45 22 58 42 46 50 83 32 41 57 46 45 46 49 81 55 54 45 48 50 53 73 51 35 33 64 11 78 31 40 54 52 65 12 71 40 41 65 39 59 53 43 70 49 53 40 64 63 85 28 52 85 66 36 77 50 60 73 38 44 12 72 69 37 
38 35 36 47 42 55 58 83 59 29 40 37 89 69 66 46 74 37 49 74 78 23 47 69 52 51 40 50 58 45 40 1 48 45 79 30 57 33 39 53 35 49 54 7 50 53 72 49 69 46 38 82 65 41 42 67 78 63 44 56 53 51 52 59 47 52 47 42 67 46 72 37 47 57 64 50 33 33 46 48 59 41 60 71 70 42 42 53 73 45 64 61 71 54 28 71 42 54 64 56 
48 45 51 36 75 44 42 83 49 15 50 47 70 41 61 24 57 100 29 76 71 34 56 48 35 34 33 57 45 43 72 39 45 60 84 35 8 49 45 37 56 29 90 42 23 73 51 14 23 35 45 83 60 77 47 58 55 56 46 55 47 52 57 39 38 28 61 51 49 64 60 54 52 63 70 37 40 39 65 44 56 54 100 60 69 14 29 37 64 77 38 65 55 90 11 53 62 73 69 72 
39 48 37 47 55 53 46 77 46 41 28 57 54 42 58 45 39 67 61 64 59 36 47 58 59 54 45 58 44 41 38 38 58 72 63 43 26 83 56 22 27 59 27 40 45 55 83 60 56 49 50 81 76 93 32 61 56 50 32 35 65 47 30 67 27 33 34 97 24 39 57 63 42 39 54 83 35 26 63 52 45 58 82 92 46 47 63 56 64 65 74 80 52 78 30 75 78 100 70 69 
72 33 55 32 67 36 52 80 67 9 56 53 68 51 54 46 66 43 43 76 72 29 45 73 47 68 37 60 56 26 60 17 70 38 46 37 67 25 52 68 59 54 71 38 68 69 57 35 30 37 53 72 52 52 67 57 37 53 74 64 45 35 85 49 35 47 30 64 61 29 54 28 78 46 61 55 58 55 44 27 48 48 78 63 59 52 60 58 77 48 47 10 64 83 17 46 48 61 92 77 
46 68 40 79 30 44 36 82 27 38 54 52 70 48 56 47 41 67 34 56 27 19 67 62 68 57 62 54 39 57 63 41 16 59 65 35 27 45 52 39 63 69 67 63 45 81 81 57 32 57 57 65 71 51 58 61 93 73 10 69 38 69 40 41 45 42 16 56 31 35 39 32 58 65 41 55 37 83 56 39 80 80 57 66 39 51 83 31 60 65 52 55 60 68 24 40 50 50 65 46 
51 56 63 63 46 80 60 26 31 76 48 53 44 44 31 49 42 40 46 53 72 60 67 36 43 56 55 49 41 46 48 77 41 54 52 54 57 54 45 55 43 72 37 56 57 32 40 70 48 34 54 30 51 31 51 41 40 46 61 45 67 49 54 44 60 52 62 40 38 53 43 79 49 45 40 58 65 31 61 56 29 64 44 21 60 50 48 50 27 33 47 51 36 33 61 51 69 21 36 50 
45 52 36 69 47 74 57 25 36 64 60 35 47 50 40 53 47 36 56 30 25 49 53 42 45 47 57 46 43 59 66 82 36 59 32 50 66 58 55 52 48 66 17 64 38 46 50 63 50 51 48 16 45 40 55 14 48 36 69 57 47 44 55 48 60 40 45 50 49 45 48 49 50 49 59 24 56 45 49 57 33 53 39 30 45 56 41 39 42 48 50 66 41 19 66 47 49 29 37 38 
50 46 71 62 51 50 42 21 50 80 60 47 46 49 64 43 36 24 55 29 37 79 60 44 56 39 56 27 56 48 59 71 43 53 55 80 46 54 50 73 48 48 30 68 56 48 56 58 59 46 49 31 49 40 61 38 21 32 76 43 41 29 43 41 83 45 47 35 48 66 55 44 53 51 47 2 83 56 45 51 26 67 25 35 47 60 50 45 35 44 56 56 61 28 53 31 60 27 36 45 
50 49 56 70 55 49 34 42 44 70 62 47 25 60 49 38 47 34 50 44 50 70 70 40 50 46 62 34 65 58 34 84 46 54 42 62 58 59 58 55 43 59 40 82 48 34 48 51 43 47 39 37 39 41 50 35 55 51 74 46 31 47 77 48 55 58 56 29 39 40 43 54 53 51 54 41 71 42 47 43 39 64 36 31 52 64 49 50 27 47 36 68 43 40 42 48 43 14 29 45 
29 57 51 64 40 69 59 14 58 88 64 44 32 40 44 43 37 45 47 38 33 54 63 44 53 31 58 35 67 29 52 55 53 66 30 56 64 62 45 50 69 58 35 72 52 54 45 59 47 38 41 41 40 60 53 51 47 33 55 54 66 48 65 37 63 59 48 44 45 67 30 61 50 51 70 42 62 44 33 56 38 64 36 36 40 60 51 32 37 38 38 55 41 23 56 57 69 25 28 57 
46 61 67 66 45 46 45 17 50 73 67 63 24 33 46 45 33 54 51 30 35 74 68 32 55 60 56 58 61 61 47 92 57 55 20 59 44 73 61 53 72 59 45 81 53 36 38 68 35 54 52 35 46 63 68 22 26 32 61 38 50 43 38 43 57 62 49 62 41 64 41 62 58 44 48 32 66 42 37 37 38 64 40 28 58 58 65 47 24 61 37 49 35 35 67 49 55 40 38 40 
53 51 64 66 35 68 54 34 43 83 56 54 41 50 35 55 31 22 65 18 41 76 58 54 55 46 66 44 51 60 52 58 44 51 11 69 75 53 50 57 56 58 17 56 59 35 43 79 62 55 53 31 50 36 54 37 46 45 60 50 50 48 54 50 62 70 41 47 55 45 42 51 54 42 48 61 54 54 47 57 39 59 27 37 47 68 49 39 31 21 60 51 48 26 69 60 37 38 27 37 
58 52 56 54 50 60 56 36 41 61 72 42 47 60 49 43 47 30 45 32 31 83 63 36 43 46 53 45 48 60 56 66 44 38 38 54 60 43 61 67 69 45 53 61 52 50 21 54 49 55 47 47 33 17 61 39 49 54 70 65 43 52 61 28 70 44 65 12 57 48 45 50 52 54 48 38 59 64 35 49 44 51 17 31 61 53 41 46 37 48 37 40 57 20 69 31 38 22 28 41 
48 58 47 63 31 74 49 30 34 82 56 38 39 53 42 55 47 52 58 28 37 79 48 37 41 40 58 41 45 59 37 78 31 69 50 64 45 79 52 49 45 57 32 64 40 32 43 66 54 62 32 32 48 48 54 35 52 37 39 37 62 57 36 63 66 55 64 44 54 64 41 73 34 49 51 43 61 54 43 76 37 61 34 37 44 60 41 47 33 38 47 66 37 14 70 55 54 31 10 47 
58 37 67 35 48 65 64 19 75 74 42 53 39 51 50 62 49 42 67 35 59 78 56 44 49 49 41 46 50 42 61 69 77 55 37 58 74 55 51 69 51 32 32 49 62 29 37 48 71 50 40 46 33 41 56 34 23 37 72 43 56 48 54 45 70 55 67 47 61 56 53 81 44 37 65 43 72 47 51 48 36 46 38 45 51 61 34 56 21 36 49 41 52 37 75 66 50 36 42 51 
493 473 487 488 488 497 493 480 488 506 
