10 100
36 45 62 5 51 58 63 55 85 26 44 72 48 61 44 45 52 57 37 66 68 34 44 42 13 50 74 27 21 91 58 62 68 30 44 40 55 50 21 52 85 50 36 56 23 50 74 56 73 31 35 57 82 39 54 55 74 71 25 51 58 54 71 56 34 73 17 64 52 26 64 35 75 44 41 59 69 72 50 36 88 47 39 69 65 51 51 34 69 63 52 37 18 43 68 69 53 32 43 77 
36 61 58 16 29 26 35 55 44 35 48 48 45 67 10 36 34 64 39 64 90 88 66 81 26 64 53 74 46 60 31 60 58 51 56 47 56 53 51 78 55 54 34 5 35 55 36 70 79 33 49 51 22 52 24 80 62 64 52 27 78 90 44 49 59 88 21 72 75 51 82 28 63 72 53 72 29 56 41 34 57 53 82 49 58 56 51 69 59 38 27 64 39 67 61 45 35 42 42 85 
30 34 71 18 60 52 35 43 43 58 46 43 34 57 25 49 53 49 64 66 46 54 70 19 43 96 72 68 51 54 39 63 86 71 58 43 47 46 39 68 50 60 40 68 32 52 49 61 31 32 46 59 2 42 48 38 34 68 43 44 90 85 57 46 40 32 32 63 71 45 67 49 70 56 20 72 60 32 37 33 72 69 63 72 54 56 46 42 55 48 57 53 32 51 45 36 25 66 55 35 
28 30 82 18 43 61 45 65 42 50 38 40 42 45 41 38 32 60 73 59 53 60 25 62 48 69 73 35 60 68 31 39 71 51 63 22 51 41 56 65 55 42 54 37 48 93 47 41 53 22 46 70 46 58 58 31 81 64 33 44 36 81 40 32 47 61 49 80 60 41 83 58 71 51 22 63 54 47 48 56 64 35 45 68 48 45 55 45 62 37 63 58 26 51 54 45 37 69 54 36 
52 37 71 20 44 51 43 73 35 54 76 78 56 54 46 65 41 40 66 49 37 25 62 56 14 35 78 56 35 50 39 74 47 47 51 67 65 25 19 66 39 73 66 58 38 46 25 65 72 49 76 60 39 15 44 57 59 59 66 86 65 69 46 65 39 88 35 60 57 24 100 61 57 66 25 86 32 32 46 85 83 71 78 31 58 46 64 25 63 31 49 25 31 36 74 63 46 17 71 60 
48 58 55 36 51 71 26 59 47 47 72 43 55 52 5 32 65 46 64 57 72 54 89 46 9 48 76 50 46 60 28 61 67 63 43 38 55 42 37 60 25 63 69 4 18 74 61 67 51 72 54 45 33 79 22 53 55 68 19 54 54 63 65 55 65 49 47 47 64 50 70 52 68 51 46 100 78 41 41 71 70 59 51 76 54 66 55 65 57 47 62 38 27 55 59 23 25 47 70 77 
40 52 72 29 55 58 75 61 40 29 59 88 55 97 34 56 12 76 24 63 78 64 42 51 41 54 57 66 22 45 37 57 53 66 46 66 60 28 37 63 29 32 44 37 39 41 54 66 61 38 71 41 35 59 39 42 57 49 44 47 58 76 59 56 42 63 37 70 58 79 82 37 76 62 50 66 58 17 67 56 51 61 62 50 80 61 82 60 61 61 65 56 37 72 56 46 55 19 78 80 
54 43 64 48 52 44 55 61 49 84 68 69 49 68 48 45 40 71 83 64 55 37 69 44 45 74 53 63 46 62 70 68 49 53 34 37 31 60 32 73 29 63 43 21 37 59 55 48 61 50 71 64 17 56 40 75 47 64 30 47 75 61 77 52 45 54 53 45 74 43 71 56 71 91 26 72 57 42 25 30 65 55 39 76 46 37 53 44 64 63 73 39 8 59 51 55 61 32 72 35 
35 37 70 24 54 38 53 77 43 72 63 45 35 86 18 49 52 50 57 37 74 75 66 33 44 64 47 59 49 30 22 38 65 49 39 56 55 37 24 72 50 68 56 36 16 54 47 62 60 31 52 64 29 46 42 74 93 65 45 50 50 61 47 36 48 61 34 51 46 63 66 45 82 54 55 68 69 39 39 50 66 68 37 50 42 56 67 65 70 29 79 14 14 48 65 34 55 30 81 32 
59 56 55 11 39 64 40 39 34 38 68 52 54 37 24 76 36 46 51 81 64 74 57 34 55 71 43 41 38 66 22 50 54 65 40 58 68 36 29 70 16 65 50 88 37 40 33 66 72 26 66 46 40 52 25 35 91 78 38 48 57 83 80 52 58 39 46 77 68 53 62 51 64 56 51 83 37 34 62 55 68 46 57 71 54 56 55 31 45 37 53 43 30 45 68 70 41 34 74 62 
62 55 39 75 44 58 39 46 21 61 46 33 60 35 71 55 49 51 55 28 48 66 58 55 82 37 34 51 76 32 55 44 46 68 64 62 55 46 76 58 30 47 58 48 72 44 49 48 44 66 67 39 37 65 55 32 43 36 66 44 45 45 32 54 64 39 65 40 45 69 30 52 21 45 61 42 40 52 49 40 31 52 60 37 36 30 48 70 41 43 40 64 79 56 45 46 49 61 48 44 
68 58 41 64 67 61 64 48 62 61 41 50 57 25 74 65 67 37 66 43 14 24 35 38 72 32 52 30 63 36 69 42 43 48 55 57 45 48 56 30 60 54 61 87 82 36 56 25 38 56 40 54 79 52 70 38 35 50 52 53 31 24 38 63 53 32 65 34 28 61 19 64 33 31 57 30 67 61 50 64 39 39 35 47 47 41 40 48 42 58 44 47 71 32 49 56 62 64 51 30 
63 64 23 82 48 52 61 58 53 43 43 65 57 37 83 54 47 63 40 23 41 43 27 83 56 24 22 32 45 41 57 32 25 35 37 58 60 56 73 47 65 40 67 57 55 49 52 39 51 69 35 43 72 39 58 52 59 36 39 49 17 14 49 52 57 54 60 45 22 58 30 57 31 49 59 36 42 59 42 68 52 32 50 35 44 51 37 66 47 54 40 57 71 53 47 47 70 59 31 66 
71 71 16 75 55 39 49 46 62 48 49 57 68 50 72 46 72 53 49 33 44 48 76 55 53 42 37 47 45 43 71 48 31 45 57 63 50 63 52 37 50 63 57 56 58 33 44 55 51 76 43 40 66 45 54 62 22 36 57 60 42 32 48 75 59 49 62 37 33 54 30 44 28 43 65 19 44 58 50 46 28 48 57 35 52 59 41 63 28 54 47 54 67 50 47 59 61 35 41 54 
54 64 47 72 58 52 54 42 56 49 43 33 43 49 62 44 52 64 43 47 53 53 45 44 69 56 37 42 54 38 58 45 42 45 51 42 48 64 71 43 67 43 42 60 58 48 67 44 32 46 22 41 60 69 62 37 45 47 54 40 38 27 55 34 61 34 67 41 51 61 12 35 36 42 72 24 74 68 55 50 38 37 41 57 52 59 39 63 29 75 45 69 75 51 39 44 44 61 25 43 
53 41 43 65 48 37 57 44 61 48 29 46 53 49 80 54 47 49 43 36 29 59 19 36 80 45 28 55 59 42 71 59 29 49 59 54 47 67 66 43 73 45 32 84 90 27 52 46 48 35 71 33 67 28 69 61 48 33 77 50 43 39 30 49 56 46 60 38 45 57 47 52 26 48 57 26 37 58 56 42 39 47 56 38 49 41 45 45 41 55 44 54 81 46 48 65 58 70 35 37 
58 54 42 76 54 43 33 35 64 72 40 28 56 17 70 59 73 47 58 38 34 30 51 61 56 58 36 43 82 44 67 44 48 33 64 56 52 63 80 45 59 61 52 47 76 44 44 39 46 78 30 49 62 43 65 50 37 45 63 54 26 25 34 54 64 29 66 54 38 35 32 44 13 44 57 38 47 68 34 55 56 48 50 48 36 44 36 53 44 45 46 53 59 38 48 55 40 68 30 41 
44 69 37 51 60 62 45 30 58 42 23 40 64 33 75 52 57 38 47 40 44 63 45 55 56 35 40 42 50 36 48 50 52 46 72 47 54 51 64 37 69 44 59 79 68 52 38 54 54 59 35 45 78 39 57 30 49 39 58 54 33 33 37 61 62 43 52 55 31 62 35 51 34 34 70 30 55 59 71 57 35 47 58 27 51 59 37 62 26 42 49 57 86 56 46 54 54 45 41 68 
64 58 44 73 36 44 41 35 56 39 38 50 68 25 71 43 45 49 36 45 30 32 40 62 54 42 45 45 49 54 55 44 31 44 59 44 60 57 60 28 50 40 45 59 65 46 45 28 41 57 39 39 64 52 68 39 27 33 53 52 53 44 47 47 59 28 67 45 53 39 48 50 19 49 74 16 45 65 47 48 45 28 69 52 62 41 38 50 31 62 38 61 71 46 50 49 54 63 38 52 
56 49 34 69 48 45 50 62 60 47 36 36 49 47 79 46 75 54 52 40 35 34 41 58 48 32 46 56 62 31 72 61 37 35 59 48 37 57 66 55 70 48 54 27 55 57 56 42 47 70 36 63 64 48 74 41 34 25 64 56 42 25 38 54 56 42 62 41 30 46 27 58 33 44 63 25 55 60 40 48 54 43 52 33 46 41 46 58 54 60 48 64 71 58 35 37 49 56 38 51 
499 493 488 501 493 495 490 497 478 491 
