10 200
56 76 39 46 49 54 45 66 41 68 53 54 51 45 43 83 45 52 63 46 51 58 34 60 66 14 57 45 40 40 44 68 63 54 37 49 51 34 37 42 41 52 66 50 30 25 39 28 80 28 69 49 64 46 67 63 65 51 31 41 42 38 56 60 51 14 68 54 63 45 38 38 49 54 57 63 50 46 74 33 64 60 79 57 68 41 32 35 63 47 23 69 35 46 30 58 58 82 65 37 38 75 51 64 41 50 55 64 65 59 63 37 48 53 11 67 61 63 63 64 50 70 41 66 38 74 19 32 64 50 58 36 39 37 36 50 41 30 47 61 45 66 52 28 38 46 78 45 19 60 43 98 58 79 57 59 40 76 64 60 40 46 31 39 34 48 46 36 57 35 1 32 72 53 40 65 48 31 59 75 69 40 33 47 56 59 61 63 55 67 55 59 17 33 50 46 45 33 37 48 
62 64 59 77 59 43 43 38 77 70 59 94 67 37 41 57 54 41 92 21 40 62 55 67 100 36 56 25 46 56 51 17 75 60 30 54 61 56 65 47 35 44 46 55 48 34 69 36 35 45 64 78 70 61 74 40 37 65 62 48 35 41 68 42 70 32 32 40 73 51 27 25 56 77 53 41 69 36 42 51 62 64 70 43 89 44 47 43 50 28 40 57 41 54 71 40 68 40 50 43 32 64 20 61 25 34 76 22 53 100 70 44 39 40 29 55 29 34 41 45 45 21 60 38 52 66 51 45 38 58 67 16 60 52 56 78 23 27 57 51 63 51 27 65 36 46 47 55 46 59 27 37 42 61 73 77 67 59 58 46 43 34 45 61 56 20 37 45 70 39 21 44 72 65 67 43 73 34 38 61 44 43 60 45 22 53 86 64 53 71 46 79 47 70 57 51 34 33 46 65 
45 63 64 55 43 65 70 36 75 44 59 70 46 63 64 69 22 32 37 32 65 50 56 43 64 45 61 44 71 59 64 51 71 44 41 46 69 46 41 27 33 53 93 41 66 49 68 40 71 53 65 74 54 52 76 61 77 36 16 33 43 39 66 34 49 38 52 58 51 46 38 34 41 68 44 46 58 40 26 16 46 67 69 27 68 48 29 25 42 29 24 61 52 57 62 57 48 69 31 34 47 66 1 60 37 59 42 40 64 65 76 43 56 51 29 29 44 54 75 52 37 42 63 67 68 50 38 48 49 58 75 48 33 49 51 65 42 12 37 77 53 32 49 45 62 46 84 89 49 48 52 60 56 96 51 74 38 59 26 28 37 18 49 58 39 52 43 26 56 36 36 20 66 55 76 77 72 45 58 78 51 36 40 54 63 71 58 59 61 54 62 58 55 39 66 49 83 41 14 51 
53 48 79 76 48 45 22 30 47 55 49 70 48 17 63 38 74 56 67 49 55 60 47 37 81 57 71 26 79 61 61 39 44 54 16 84 63 43 43 25 50 57 64 35 41 40 54 12 45 59 82 69 81 36 72 45 86 48 38 48 65 47 65 45 62 39 49 58 68 57 48 56 51 48 32 60 59 41 37 40 71 38 97 34 36 69 28 58 30 55 15 81 61 43 27 40 68 39 46 46 45 87 32 89 38 58 55 28 75 34 81 66 25 53 37 53 48 46 24 28 51 56 71 50 71 38 84 55 45 60 32 46 41 19 39 57 26 33 56 33 62 81 40 40 80 62 69 88 63 54 32 55 25 73 59 90 39 57 59 46 26 55 48 33 47 59 49 43 70 33 29 48 64 53 70 56 21 26 77 97 68 65 56 39 45 45 51 77 40 70 68 28 48 31 59 44 54 28 36 56 
29 60 37 74 30 38 62 42 57 41 52 53 46 27 49 46 40 26 76 59 21 61 33 24 81 19 57 29 59 67 31 45 41 41 32 55 31 67 17 27 45 35 70 68 47 54 56 32 43 28 72 43 66 61 40 65 36 35 42 27 44 58 69 43 39 54 38 51 57 45 54 44 59 35 50 64 37 54 43 19 70 54 79 4 78 46 59 44 35 58 7 65 69 56 31 57 50 43 31 46 37 62 27 61 48 19 37 30 45 73 90 60 63 32 43 57 35 37 64 28 45 34 60 50 21 29 27 52 47 65 42 30 15 60 64 13 35 29 34 61 42 53 35 52 47 45 73 100 55 54 25 47 42 48 62 84 15 54 30 45 71 25 36 50 53 39 67 60 60 48 9 47 90 69 58 70 48 43 51 64 48 52 74 71 72 38 68 30 63 74 60 16 55 26 56 41 44 65 39 59 
39 34 77 55 44 53 82 50 40 57 63 68 42 26 48 52 67 53 53 36 43 56 34 59 77 52 71 18 86 42 55 46 75 52 1 52 69 57 74 61 35 25 69 74 51 57 43 33 57 33 62 46 23 37 62 43 25 56 44 37 37 42 60 37 42 26 25 57 49 42 40 26 66 63 40 65 36 37 22 36 91 38 89 21 63 43 38 52 44 72 41 62 37 42 27 70 68 50 45 23 75 74 49 71 37 80 48 47 59 54 73 36 86 57 44 69 30 67 38 30 44 61 74 59 30 50 47 41 57 74 54 36 37 45 51 13 50 18 49 55 39 20 57 32 68 51 65 73 54 49 31 43 79 47 50 73 36 43 59 52 72 60 76 12 45 30 19 51 69 38 32 60 68 35 62 31 61 56 65 55 64 28 45 70 65 64 60 40 47 46 71 24 69 58 64 48 84 29 55 74 
46 53 39 62 65 53 62 60 66 61 43 79 46 79 46 55 35 24 76 23 46 64 45 60 95 62 54 51 65 49 28 54 39 87 19 46 74 30 58 46 37 54 59 26 63 24 49 46 53 55 57 56 61 37 89 71 83 65 85 43 29 29 62 33 35 64 45 75 79 50 39 39 52 58 61 66 65 49 35 45 47 46 85 34 35 65 24 46 44 46 15 67 64 50 63 50 31 51 46 34 30 82 35 44 38 50 45 30 75 82 77 56 58 54 18 54 50 96 54 36 49 42 57 42 45 61 40 47 100 62 52 24 18 59 56 76 29 39 48 54 44 27 48 55 60 33 45 75 40 72 52 69 58 60 76 81 38 46 36 52 52 33 62 58 36 61 22 26 53 24 28 43 53 39 60 71 59 58 37 69 57 35 39 57 81 73 81 27 37 69 79 45 43 46 74 35 59 56 54 71 
61 44 42 51 56 31 42 26 57 75 62 68 64 56 52 44 37 60 84 62 32 62 17 44 93 42 56 34 54 56 49 34 68 52 16 55 54 54 53 59 25 46 65 50 56 47 58 28 50 47 67 59 59 36 59 48 50 42 45 31 27 45 77 27 28 38 22 28 88 62 39 42 50 64 42 66 24 38 28 23 65 40 90 40 80 66 39 22 24 37 18 71 41 43 51 63 51 59 54 31 42 75 25 74 46 34 59 50 74 75 63 70 42 62 17 43 32 66 48 36 30 66 69 44 36 64 69 50 64 68 64 1 38 52 58 39 36 12 31 56 37 49 44 44 59 52 56 76 79 59 47 70 46 83 61 89 37 66 40 28 47 27 28 61 48 55 7 89 36 29 10 50 66 74 48 87 69 56 41 68 58 34 64 48 43 36 55 56 68 58 32 24 40 62 63 55 46 54 34 50 
48 47 69 50 59 28 22 70 68 62 70 86 58 20 56 42 4 42 70 63 41 57 53 47 48 57 48 24 47 40 62 36 49 89 47 60 57 56 69 60 48 41 56 55 37 41 33 17 48 61 51 73 58 49 44 49 60 37 52 45 51 19 65 31 50 60 67 51 79 56 52 29 25 39 45 62 47 37 51 30 62 37 55 41 77 58 46 37 50 60 46 81 54 55 74 54 45 67 39 35 59 74 22 67 65 32 81 57 48 64 78 77 37 56 30 62 33 54 44 30 51 44 57 71 50 31 50 50 46 65 46 28 51 30 79 47 50 36 31 37 53 40 52 67 51 50 80 63 45 33 33 82 56 73 77 70 59 70 30 36 38 43 44 69 44 69 45 26 44 19 14 45 57 56 74 74 79 5 78 60 59 41 61 67 41 62 96 52 48 68 55 46 59 42 59 56 42 39 48 64 
85 70 50 47 25 55 65 57 33 51 57 81 52 36 54 44 44 47 100 41 30 57 50 36 75 60 96 44 43 71 45 47 68 39 18 60 65 48 70 45 55 41 60 67 44 45 67 54 57 20 61 78 69 58 65 39 50 60 36 39 44 45 62 49 70 58 84 46 71 54 48 34 13 60 49 56 34 49 32 34 53 35 100 26 66 59 30 40 28 35 15 62 70 33 45 46 58 46 26 53 70 65 54 56 52 66 44 49 90 76 88 54 62 47 34 56 49 48 46 27 32 58 51 41 37 46 43 64 41 46 48 24 42 58 32 51 30 24 50 42 58 22 25 60 45 53 51 83 50 37 23 54 45 48 75 58 54 38 37 65 46 51 51 45 76 51 38 41 69 6 32 35 57 43 38 69 71 49 71 85 54 51 73 56 49 54 75 48 52 66 68 38 47 32 66 38 59 14 3 76 
39 25 46 50 51 42 40 56 38 47 49 40 46 49 68 36 56 53 47 59 50 34 58 55 20 79 43 64 54 49 56 48 42 49 76 56 44 64 46 45 65 53 38 45 72 63 56 65 58 62 33 43 30 53 48 41 42 54 57 66 59 54 44 56 54 86 55 48 38 50 43 69 49 48 54 46 65 58 44 73 33 39 27 48 47 57 63 66 44 52 82 37 52 50 77 53 38 44 45 61 58 25 57 30 62 51 43 46 36 36 40 46 52 46 73 35 58 42 55 44 65 37 45 33 63 27 72 58 38 41 55 75 65 59 61 45 53 67 54 46 66 50 49 60 57 52 43 42 74 44 67 19 41 21 42 37 76 38 58 45 60 64 62 44 56 51 51 55 56 64 93 67 39 58 39 36 60 65 64 46 37 57 54 50 48 42 40 51 48 33 34 47 61 69 59 56 46 54 68 54 
39 37 46 25 33 59 57 52 22 43 49 29 30 53 58 43 57 49 18 70 61 34 43 49 1 61 34 73 56 42 58 79 31 44 77 50 35 58 48 56 60 56 42 51 50 52 38 73 62 55 40 19 47 47 35 44 54 54 44 57 53 72 33 57 29 63 65 45 27 52 56 72 42 36 42 53 44 65 74 54 43 30 20 56 23 46 56 53 57 66 58 41 65 53 44 47 37 50 57 62 65 37 80 42 57 64 36 65 48 22 38 53 46 61 67 46 64 57 53 49 48 52 30 50 61 38 62 55 57 41 37 81 51 54 41 26 65 66 59 48 48 48 60 36 54 51 54 32 49 46 66 59 53 38 24 12 62 52 49 57 58 55 65 46 48 72 64 58 41 60 81 52 20 41 43 37 22 41 55 45 47 48 41 49 68 47 31 43 52 42 45 53 51 49 37 62 62 68 63 51 
56 44 43 48 49 45 49 68 44 53 49 26 50 38 32 31 79 68 54 50 46 37 64 51 43 64 44 66 33 48 42 46 36 57 61 40 39 48 41 72 68 54 27 48 47 65 42 65 48 53 32 23 44 43 38 37 35 50 68 83 59 65 39 51 46 63 43 40 45 59 57 58 59 34 65 54 52 64 59 94 49 41 26 58 31 51 65 70 39 66 74 40 46 46 46 51 47 39 61 57 49 47 87 39 72 39 53 65 32 30 25 59 49 50 66 68 60 50 37 57 62 48 38 30 40 41 65 54 58 45 43 59 64 52 53 61 55 81 55 38 58 51 48 51 35 66 24 7 58 58 60 39 54 24 46 33 60 45 73 71 62 67 42 43 57 45 64 68 38 60 80 67 39 37 36 16 37 63 53 36 46 61 60 54 52 43 53 44 50 49 43 43 54 63 23 52 32 60 82 50 
44 45 31 35 60 47 55 63 54 38 54 20 51 60 35 60 28 44 33 51 56 39 53 54 12 65 36 66 33 43 30 66 49 47 86 28 35 63 58 72 62 54 46 54 69 53 42 81 53 49 28 29 30 58 16 42 27 54 54 66 36 63 42 51 45 66 54 39 30 52 52 46 51 60 63 43 49 47 61 57 46 53 12 60 57 32 73 52 77 46 92 26 47 58 74 57 47 50 56 52 64 34 72 22 62 33 42 61 51 38 32 65 64 42 62 53 50 58 55 60 47 38 32 55 54 48 32 49 54 51 57 63 62 72 50 41 66 65 45 68 51 44 63 58 27 44 35 34 43 47 52 49 71 41 25 8 63 44 51 60 67 46 50 59 61 37 63 47 45 50 65 52 39 41 31 38 60 73 51 10 41 54 51 62 54 45 45 34 56 28 33 65 51 61 52 59 44 64 77 56 
51 48 53 38 51 51 58 55 42 52 41 48 62 55 47 49 58 65 18 47 71 34 63 65 40 67 44 72 31 46 54 67 70 51 71 50 53 35 59 64 51 64 26 33 56 54 48 73 49 46 44 43 50 46 45 47 53 72 56 80 41 45 29 50 55 49 71 42 44 52 54 76 58 51 55 31 57 46 77 81 33 41 20 84 24 49 51 58 55 46 84 38 45 58 71 39 50 47 64 62 56 23 73 38 53 62 65 81 46 28 30 40 44 45 57 48 62 50 49 59 56 56 30 57 77 54 77 58 58 38 63 62 83 43 55 74 70 72 55 43 69 48 48 45 53 51 28 1 55 51 73 39 56 38 37 17 60 35 67 57 50 68 61 41 47 52 59 58 51 58 80 39 17 54 46 36 44 62 44 41 43 55 33 30 45 44 31 56 48 50 45 65 38 64 48 55 48 51 64 42 
52 59 33 46 50 51 40 53 62 44 31 47 48 57 50 47 52 49 36 57 60 46 74 41 27 52 43 80 31 57 51 61 25 33 88 45 40 52 35 44 69 65 38 43 46 44 61 72 67 63 48 55 61 56 20 47 58 33 54 70 57 64 39 67 49 76 66 50 43 43 64 63 35 53 56 46 57 52 80 66 22 63 18 78 41 52 66 57 54 34 71 22 58 41 66 46 40 45 57 70 31 43 57 34 66 27 40 61 48 34 29 49 31 49 62 59 49 37 65 59 59 49 22 50 72 54 44 51 54 34 41 74 73 54 54 78 61 79 52 36 62 68 43 62 33 57 49 28 56 45 70 53 32 47 37 28 68 63 47 49 52 51 30 72 50 57 70 55 46 53 75 52 30 53 33 60 44 56 34 55 46 61 52 35 46 39 44 63 64 41 47 75 34 62 31 50 32 68 58 41 
56 42 61 39 23 50 40 39 44 51 59 21 60 51 43 45 76 71 44 61 49 25 58 52 17 51 40 61 44 49 63 47 50 39 69 39 42 68 54 65 55 54 46 71 41 68 39 59 53 38 33 33 44 56 27 44 28 36 19 63 60 53 43 56 52 48 61 33 26 56 58 74 47 56 63 46 52 62 72 60 49 56 20 45 53 35 72 44 56 55 72 36 27 53 58 51 65 50 50 68 64 24 73 62 56 49 54 62 42 31 36 35 57 39 85 57 60 29 55 61 61 45 44 51 66 38 61 61 14 44 55 76 76 52 58 46 67 68 47 48 57 71 57 50 44 73 61 20 53 29 56 37 39 44 37 15 66 52 63 49 40 69 39 43 66 53 69 57 44 55 72 44 43 67 40 42 45 47 63 40 39 59 68 48 44 42 38 71 58 30 20 64 46 65 38 53 55 43 65 39 
46 57 45 39 49 65 48 67 48 32 54 38 40 50 42 65 68 52 34 42 72 45 77 49 22 46 54 63 36 43 61 69 38 41 64 46 40 60 39 42 64 59 36 39 53 58 39 69 50 48 36 47 48 54 38 37 47 51 50 63 49 57 25 69 51 68 77 65 23 37 45 66 50 37 53 40 70 58 73 62 52 62 21 70 42 30 54 61 67 61 77 30 58 45 51 38 54 46 52 62 49 39 66 20 64 46 45 45 43 35 38 51 67 29 75 55 62 45 57 60 77 30 52 43 61 38 38 58 41 41 53 89 77 66 55 53 64 74 61 45 68 53 54 60 47 64 52 28 33 39 64 35 50 42 49 23 70 44 52 47 67 56 55 39 61 48 76 23 54 72 86 54 35 20 61 21 31 48 60 43 49 71 53 42 43 49 51 40 43 33 37 70 57 41 48 43 59 52 72 52 
62 43 27 38 47 60 59 45 31 42 47 29 46 71 31 53 76 52 27 46 53 29 51 56 29 52 48 69 45 51 39 65 50 21 62 34 64 53 38 56 58 57 23 47 58 58 50 71 42 46 43 34 43 52 39 45 49 60 49 52 59 91 30 56 52 46 47 65 35 52 51 63 67 54 51 39 49 61 50 73 33 56 29 69 35 40 60 53 50 40 62 40 62 56 30 48 43 41 59 67 39 29 72 33 65 58 31 48 53 43 31 38 58 53 66 41 61 65 58 60 52 47 36 50 65 54 66 46 51 53 54 73 53 71 33 51 57 64 72 54 63 70 49 32 51 61 33 35 67 49 65 36 44 37 40 29 55 44 66 64 63 55 43 38 56 38 63 67 44 79 88 68 43 44 33 27 21 77 27 40 39 57 43 43 53 36 16 39 66 33 46 53 54 58 42 46 55 66 57 47 
23 32 46 50 67 38 46 47 49 49 43 35 50 50 49 48 62 55 11 60 59 46 56 69 30 59 33 57 45 38 52 52 37 66 78 37 40 54 42 67 63 65 45 37 54 60 38 56 54 64 37 19 40 55 31 74 51 56 65 62 61 63 46 47 42 65 35 40 28 52 37 82 71 39 48 40 65 53 69 66 47 48 6 66 37 35 78 52 68 66 78 36 43 59 67 50 47 61 63 49 48 36 76 35 48 40 54 70 26 31 15 55 51 43 60 43 58 57 55 61 60 47 42 62 56 39 58 37 58 47 51 79 57 52 56 46 70 77 63 48 48 51 67 45 47 51 39 32 50 56 82 47 52 33 23 34 53 59 71 45 52 49 45 53 28 52 63 48 37 80 72 44 32 42 45 26 45 65 25 21 39 50 37 48 67 58 37 43 56 44 32 61 45 71 39 68 39 72 75 48 
1023 987 1009 993 1029 1018 1006 1017 999 1006 
