10 200
82 41 70 45 41 42 41 47 57 44 70 62 62 30 38 50 60 59 34 42 96 50 42 36 72 22 62 59 56 28 50 72 56 28 36 60 63 57 23 61 37 51 25 48 69 25 83 41 28 46 50 26 62 48 48 9 61 15 42 45 49 30 64 62 86 50 29 64 63 8 23 45 24 65 72 54 52 50 71 55 37 54 44 49 66 52 57 64 36 47 48 57 42 27 56 33 69 51 71 56 72 50 61 38 38 30 58 29 37 74 35 66 43 42 61 71 28 61 62 46 35 80 47 28 40 57 34 50 22 63 77 33 62 54 47 59 25 56 46 37 45 43 40 68 61 60 45 56 24 70 55 52 71 48 32 65 77 67 67 33 38 49 44 67 45 24 31 64 60 29 40 35 51 56 54 59 74 42 35 71 40 56 53 55 79 57 45 61 46 53 58 54 56 11 66 94 35 38 36 52 
65 64 53 42 35 35 46 37 47 16 52 48 12 30 16 27 53 38 51 47 71 58 63 51 50 66 42 67 67 17 72 60 66 21 45 77 56 41 36 70 62 76 12 30 68 14 58 69 65 41 32 51 27 50 34 47 49 20 39 77 56 41 66 31 74 59 45 57 75 14 5 73 20 62 64 62 40 54 68 30 44 73 42 52 86 49 56 54 59 39 71 47 37 38 66 54 60 45 73 23 72 45 68 70 25 28 45 75 17 65 50 50 32 47 40 51 58 40 55 25 36 100 34 76 37 48 69 69 54 27 51 40 26 42 65 58 46 79 30 58 35 44 54 60 35 57 72 65 61 48 32 15 75 46 23 46 37 81 87 47 49 54 49 58 14 50 50 61 53 50 46 42 54 61 35 69 66 57 34 28 59 52 52 58 95 64 51 77 35 74 41 72 63 44 52 60 62 45 69 55 
52 55 48 38 67 46 74 52 35 59 64 41 55 71 22 29 80 35 28 27 51 62 69 37 85 14 30 62 89 22 50 59 39 50 32 42 51 61 57 64 35 49 8 65 61 19 39 48 53 39 40 37 59 60 40 23 26 19 50 54 46 38 58 52 83 55 52 64 56 26 28 47 27 68 76 45 58 33 60 50 35 53 62 77 56 56 57 45 74 64 53 29 35 55 51 24 66 50 64 24 69 36 43 49 38 43 79 73 44 57 42 64 66 60 25 33 27 31 41 63 29 94 43 70 19 41 47 63 35 43 38 52 35 49 45 27 30 33 42 34 84 45 64 60 70 67 52 66 41 74 50 74 71 55 58 56 34 56 77 56 35 36 46 78 37 28 44 43 35 28 40 36 56 62 57 68 38 47 29 43 55 66 29 63 65 70 35 58 41 68 70 91 37 52 53 39 21 60 42 67 
70 38 45 54 67 20 25 44 71 50 51 13 37 58 48 29 42 42 56 24 49 66 77 38 40 40 67 65 88 51 72 40 43 20 36 54 26 22 60 44 38 71 31 1 53 33 45 53 16 48 48 31 43 76 57 46 61 42 42 74 55 66 49 34 49 38 30 76 54 22 14 53 29 84 71 44 26 37 57 31 23 61 28 53 58 62 53 27 70 47 47 57 23 62 51 87 62 55 26 27 61 50 49 45 14 58 71 53 56 61 46 40 58 10 42 48 37 44 67 60 27 76 54 39 32 44 40 88 50 12 39 58 58 67 52 49 20 64 59 43 52 70 33 65 60 47 50 61 56 27 49 46 58 78 58 49 60 65 48 57 73 49 52 74 28 44 63 61 77 34 35 34 34 60 56 69 73 29 34 57 71 43 56 37 79 58 45 69 25 55 57 91 46 70 56 25 41 47 80 94 
70 58 47 58 54 29 54 65 82 43 82 59 62 60 55 13 53 78 38 43 48 66 73 56 70 39 56 38 61 42 49 86 56 58 6 82 41 58 63 54 68 43 45 40 59 3 74 38 77 33 37 52 53 85 46 62 58 29 64 71 44 46 70 44 53 50 55 71 75 33 28 78 48 82 80 58 48 33 59 61 38 65 43 38 49 65 52 73 79 87 54 35 54 51 53 32 65 33 65 24 77 48 38 63 52 83 86 86 43 62 57 39 59 54 53 41 22 49 58 43 34 92 61 40 13 37 31 46 30 21 41 49 25 54 69 61 42 56 70 27 69 81 67 64 72 44 56 74 17 68 49 44 57 54 51 63 26 67 50 64 47 43 30 76 52 38 45 16 64 38 15 49 22 56 34 76 50 44 30 37 64 88 28 53 72 58 47 74 39 55 86 49 57 47 16 33 48 34 58 72 
76 53 47 78 44 24 38 66 55 41 62 24 32 37 45 50 24 55 51 47 48 74 76 48 45 31 54 51 69 53 45 48 28 51 36 49 68 39 52 69 54 68 31 36 55 29 62 42 30 35 22 35 26 54 45 67 42 41 28 73 45 42 87 30 58 54 47 75 90 17 34 32 45 73 61 34 58 60 39 34 29 75 54 66 61 55 47 62 77 44 58 49 30 61 50 54 62 53 95 40 54 37 62 60 32 48 78 75 45 51 48 72 61 55 46 36 39 49 34 38 60 75 34 48 14 51 67 86 47 65 40 63 51 39 40 51 28 47 38 58 31 50 42 68 38 36 45 30 42 62 35 25 49 56 54 57 43 50 77 72 35 62 25 48 44 63 45 29 59 7 60 75 53 86 56 64 61 51 49 40 59 69 41 48 64 73 49 53 56 52 69 50 48 50 92 67 49 50 44 91 
63 38 80 43 36 25 55 53 56 61 43 57 59 74 66 46 46 56 62 28 72 53 53 47 68 51 78 68 55 39 68 62 49 71 41 64 68 62 74 48 53 61 27 30 78 41 52 48 33 58 19 25 40 55 33 41 32 45 60 77 43 22 54 74 83 91 55 86 44 28 14 68 13 66 77 47 58 62 41 23 11 72 49 62 69 50 60 64 68 53 40 50 44 65 52 41 46 23 83 36 61 38 56 47 32 41 59 65 49 51 38 76 39 42 36 55 31 57 58 32 46 65 54 57 26 52 63 52 63 23 68 59 36 64 46 49 33 79 50 36 64 63 58 16 70 53 77 88 38 37 30 37 88 69 26 66 54 50 65 60 18 59 52 42 27 43 68 43 63 36 41 51 39 65 30 50 67 17 31 38 72 59 62 62 92 48 53 60 50 59 40 66 52 53 70 94 64 79 42 58 
84 5 39 28 46 44 65 50 74 39 56 50 58 59 76 64 48 52 33 32 68 62 37 56 64 51 69 74 61 37 67 36 71 43 35 77 57 62 44 84 80 47 6 43 88 41 50 39 45 39 18 48 34 60 54 45 52 20 34 75 62 52 76 37 51 42 61 53 66 56 39 65 31 73 51 70 46 30 35 48 47 50 48 82 63 27 55 68 55 72 32 53 50 50 31 22 61 30 46 17 76 41 31 41 37 49 40 59 42 54 60 69 68 48 10 52 47 46 40 60 40 68 40 84 32 60 42 74 46 43 47 61 53 92 67 37 41 59 27 36 39 67 53 55 54 49 49 73 29 51 55 44 60 66 48 80 68 34 71 76 52 37 47 61 49 29 45 42 70 41 23 44 56 54 66 53 68 60 39 47 63 37 55 53 78 54 15 70 30 29 49 64 33 50 25 53 44 58 63 56 
84 61 56 18 78 27 50 51 42 46 47 40 64 51 57 26 45 43 37 40 50 69 69 46 64 44 83 45 92 56 67 58 63 73 65 66 64 48 41 63 47 71 29 70 59 15 48 56 54 32 36 51 55 41 47 41 23 31 39 89 33 40 66 46 62 51 50 48 69 24 3 41 34 98 55 62 48 52 42 35 17 60 57 58 68 57 60 66 51 56 75 34 28 42 62 41 66 56 76 23 84 42 66 55 38 45 63 68 46 65 84 53 54 44 57 50 5 29 55 49 44 65 70 43 33 65 34 56 39 28 33 39 72 71 75 39 29 41 74 19 31 14 38 85 43 84 44 65 32 47 52 43 52 49 46 56 51 79 70 64 45 50 38 53 34 33 53 70 54 40 38 49 51 43 34 61 55 61 43 43 50 52 59 66 81 86 54 74 16 39 60 91 51 42 57 73 65 54 54 86 
63 61 47 79 74 27 57 22 48 81 46 50 27 37 37 58 43 51 36 31 77 63 62 47 49 37 60 73 64 28 45 53 41 48 32 71 54 41 49 60 41 55 18 58 65 19 47 54 53 52 25 71 43 76 65 33 45 34 50 74 51 87 67 48 66 40 77 56 65 41 41 61 35 52 62 41 42 49 62 33 27 80 48 90 52 46 76 72 42 55 54 48 36 32 51 18 70 15 65 50 52 28 57 40 36 36 57 57 14 68 58 28 39 44 35 61 29 67 55 35 43 60 56 32 14 74 32 97 53 30 61 66 57 60 39 27 55 75 51 65 52 51 38 64 73 48 61 55 28 60 33 66 88 45 40 65 46 37 52 46 35 53 36 70 9 8 65 48 43 21 32 58 50 31 60 61 57 43 6 40 46 47 73 54 78 49 36 54 22 61 71 57 29 58 55 48 84 82 47 57 
21 60 47 51 59 66 56 54 53 48 44 49 50 43 65 51 54 43 67 61 27 46 50 58 42 78 35 39 39 64 48 35 61 49 68 38 50 44 65 44 40 40 81 38 28 67 25 60 44 63 56 69 43 44 44 71 57 75 57 43 54 51 47 49 28 54 57 37 32 84 73 48 72 40 37 39 50 54 41 46 53 31 52 54 35 54 50 37 57 54 45 56 62 57 51 62 38 60 38 60 29 44 53 63 63 56 37 48 69 24 60 34 44 64 39 46 66 38 36 66 57 35 53 62 78 42 61 44 71 53 31 45 55 41 50 47 70 36 60 60 62 40 51 25 46 47 63 46 68 44 60 53 28 58 62 49 30 25 41 46 63 49 65 45 57 67 58 25 42 69 61 65 50 37 54 45 30 57 59 41 44 45 54 45 21 54 58 42 51 50 50 34 41 69 47 25 66 62 52 34 
34 38 45 71 60 71 46 51 45 72 49 52 72 56 74 72 48 56 35 62 53 55 39 38 40 55 54 33 32 64 29 44 45 67 49 35 48 58 57 46 33 35 82 73 35 79 44 43 58 53 65 36 67 40 60 54 67 90 60 39 39 64 38 75 28 41 56 24 21 75 82 42 61 39 45 50 53 47 43 66 55 38 55 45 33 61 51 49 49 50 47 50 78 46 41 63 43 54 28 77 38 58 41 32 71 57 32 33 57 36 49 47 40 56 73 44 48 62 49 58 71 12 60 37 57 64 29 33 43 72 58 42 71 67 43 51 61 35 54 41 62 43 46 43 58 48 39 42 40 43 59 74 26 44 59 55 57 18 20 51 58 45 56 29 74 49 41 34 52 61 58 60 46 39 65 37 51 37 62 54 49 49 48 51 12 43 58 39 58 32 58 33 51 53 53 43 53 58 39 33 
47 50 65 46 37 55 30 53 49 40 32 63 47 50 69 57 23 64 73 62 50 43 48 50 23 82 60 50 33 69 40 40 45 59 70 42 48 48 50 46 67 36 84 47 39 87 64 53 46 53 61 65 34 39 61 78 76 67 51 33 55 57 28 53 28 52 59 41 46 65 71 47 71 38 33 56 45 64 38 56 71 54 50 34 45 56 46 42 28 42 60 75 72 44 50 73 39 70 41 67 35 61 66 43 69 69 21 32 57 41 55 42 38 37 76 65 73 56 60 42 68 11 52 34 69 53 53 34 54 64 60 49 54 56 48 74 65 55 69 62 35 49 37 35 36 17 43 36 68 37 51 32 30 46 47 37 46 44 27 36 56 64 53 30 71 73 56 56 62 68 76 75 45 39 53 33 57 51 67 68 45 41 54 53 37 28 62 48 65 28 34 27 51 53 53 61 61 35 46 31 
26 49 61 58 47 73 50 56 30 58 53 55 63 51 61 65 66 59 42 71 57 23 30 61 60 66 39 34 28 54 37 55 45 71 56 37 65 68 41 45 65 34 67 81 41 89 41 64 73 59 66 67 66 30 51 65 44 64 67 31 49 39 47 59 46 67 62 33 29 71 92 43 66 20 33 66 63 55 41 70 67 35 63 39 43 47 57 63 43 50 53 54 67 36 44 37 37 46 55 76 33 50 59 56 74 52 16 42 64 42 55 63 45 67 62 46 77 62 52 56 66 25 41 60 72 57 48 32 67 71 62 41 51 48 52 59 71 46 45 66 44 39 62 36 46 53 52 37 52 74 51 55 34 40 43 40 45 39 47 48 48 65 57 26 77 63 47 35 43 50 66 67 56 43 47 35 30 49 55 57 42 48 46 51 25 43 64 28 59 49 28 25 31 45 50 56 54 47 34 8 
34 51 51 43 53 74 44 31 19 57 25 49 44 47 57 69 46 45 54 62 49 39 30 51 36 72 44 50 34 61 43 20 39 43 96 27 49 51 42 46 40 54 57 50 40 90 36 53 55 67 65 48 52 23 50 49 55 69 48 32 57 52 38 63 47 49 51 33 35 67 79 27 63 32 33 57 54 65 56 45 71 36 70 54 54 47 32 29 35 38 34 78 61 56 53 59 42 59 37 51 29 47 58 46 57 28 30 20 58 42 40 47 40 57 48 64 81 53 48 57 63 15 53 55 74 38 58 33 63 61 46 41 56 49 46 48 70 45 35 53 31 29 29 46 45 51 51 31 81 33 63 69 44 53 50 45 60 34 49 42 53 48 63 26 65 63 58 71 57 69 82 63 66 37 71 34 36 49 63 53 37 40 56 53 36 39 53 25 49 46 13 47 52 57 78 59 48 68 43 31 
29 49 39 35 50 74 49 43 41 68 44 71 51 60 49 56 62 54 49 69 45 40 44 39 50 68 40 51 34 64 50 52 65 49 70 29 44 44 51 37 52 33 63 55 63 74 45 65 66 48 59 63 61 39 53 49 45 68 63 24 49 58 34 52 41 45 44 23 16 80 71 62 59 28 32 57 54 47 51 60 76 17 35 49 42 45 51 61 32 49 37 52 61 48 51 50 44 61 15 61 47 60 51 46 61 62 39 32 70 39 42 39 35 57 65 48 65 52 60 61 51 35 71 53 81 49 56 27 55 59 44 39 57 55 50 57 66 52 50 52 60 54 47 38 68 45 70 48 68 41 61 72 46 48 52 44 50 50 25 41 53 38 59 35 54 48 61 67 39 86 49 35 48 43 54 29 32 57 65 53 39 32 61 49 22 39 65 44 49 57 38 51 67 56 33 43 56 63 56 5 
32 61 22 63 61 80 52 51 36 48 45 47 43 46 60 47 59 48 33 66 19 51 51 66 44 49 23 26 30 60 46 42 55 46 53 33 40 37 27 47 59 41 62 69 37 64 45 63 64 52 80 60 51 56 60 55 56 57 57 31 55 66 47 46 21 33 50 26 46 83 83 47 76 41 23 52 52 42 55 57 76 43 55 47 36 46 37 31 44 46 45 49 68 40 47 58 55 58 22 64 33 64 58 45 60 53 30 38 58 53 59 29 59 59 62 42 72 40 45 69 55 29 47 34 88 65 39 43 48 64 42 53 59 34 54 50 64 28 46 64 48 44 48 57 45 45 30 34 63 54 72 73 27 39 63 34 56 50 48 39 67 49 51 52 71 68 47 48 38 54 61 55 68 35 56 42 40 67 70 65 31 45 51 39 16 47 66 35 57 34 52 25 51 43 44 31 40 28 45 40 
23 75 55 65 50 58 45 44 30 61 39 48 52 50 52 42 55 40 62 70 48 41 47 43 42 58 33 27 33 57 43 67 32 59 60 30 34 39 46 37 35 52 85 52 28 70 61 54 49 70 76 66 46 41 54 66 57 73 66 15 56 45 37 63 47 48 57 38 31 57 62 44 63 24 45 57 52 60 66 54 55 34 54 21 40 66 48 31 35 39 67 48 66 54 52 72 49 68 47 74 35 61 65 62 49 39 51 44 56 52 56 43 25 59 78 61 69 58 59 42 66 27 53 36 65 51 53 17 60 67 53 49 56 22 54 54 51 43 53 76 50 41 47 42 52 45 47 34 67 43 60 56 31 43 48 31 29 48 31 26 58 60 58 43 61 66 55 52 41 65 75 61 42 49 37 45 42 41 69 63 38 55 53 50 24 48 84 32 48 66 42 34 62 66 53 48 57 54 43 33 
17 39 35 57 30 51 44 53 59 61 44 45 44 51 48 56 66 45 62 49 51 16 36 51 36 54 39 49 30 40 30 47 36 34 57 35 35 53 59 34 49 37 67 46 35 77 48 51 57 57 70 54 41 41 49 66 80 72 53 35 70 46 38 46 47 59 38 43 27 74 75 59 70 16 58 39 66 43 59 66 84 38 43 52 39 41 45 33 61 51 27 40 72 49 56 59 36 44 31 61 34 68 44 60 66 52 42 30 54 37 25 43 40 49 48 48 88 71 31 60 55 27 52 53 68 40 73 44 61 62 57 62 31 38 38 57 70 57 29 64 54 62 45 36 61 34 66 40 70 42 54 65 40 53 57 44 46 32 43 37 47 50 55 48 70 63 43 49 39 69 77 65 50 50 63 57 46 46 52 52 60 45 41 40 10 40 52 52 72 61 29 17 53 62 47 28 51 51 60 19 
47 63 45 31 33 64 41 67 60 23 65 53 60 53 53 57 52 48 80 64 35 38 47 47 39 77 50 28 34 70 44 49 52 53 68 35 52 63 37 38 50 39 89 53 50 82 54 54 57 62 69 36 58 39 51 74 54 70 48 27 54 39 39 46 46 54 36 28 22 71 60 38 62 48 39 45 53 50 50 58 72 30 70 26 50 41 36 42 53 51 56 60 69 58 40 71 17 76 43 57 44 69 56 55 62 48 38 38 68 33 49 52 49 69 60 40 75 33 45 64 50 38 43 60 73 30 68 19 44 65 47 35 36 39 54 68 67 38 62 46 52 36 53 36 28 29 40 46 70 44 76 37 13 49 60 44 54 59 45 27 60 51 53 42 69 87 43 54 49 68 67 66 43 55 46 41 31 42 84 54 44 36 45 43 25 44 68 47 73 47 33 43 61 43 44 42 42 34 49 39 
1002 999 1018 1023 985 1004 985 1004 985 1002 
