10 200
56 77 45 41 56 27 34 41 50 55 61 40 72 27 62 32 37 76 52 32 40 44 41 35 24 55 37 47 69 36 50 59 21 71 73 51 59 41 54 69 52 48 40 46 55 58 48 11 39 39 33 33 40 62 62 67 66 77 42 86 37 43 44 75 45 46 29 68 50 19 82 44 56 48 45 24 79 38 41 51 56 44 58 57 71 63 51 27 46 45 47 57 39 86 68 66 18 71 61 61 65 69 42 48 76 54 36 63 35 90 50 51 59 59 66 57 53 56 47 39 50 67 61 30 62 52 58 44 42 63 19 58 31 79 55 44 53 63 34 80 54 53 45 58 28 47 34 59 35 46 46 96 64 38 68 42 58 48 40 66 59 30 44 26 56 52 23 60 76 53 30 53 53 48 46 74 57 24 74 28 44 64 38 68 70 67 41 47 54 64 86 56 73 49 48 31 64 60 50 42 
62 64 86 47 72 41 40 49 42 51 48 37 54 53 60 27 63 29 30 74 31 49 53 52 25 57 74 59 86 66 37 87 39 79 58 48 72 48 65 84 58 27 72 54 64 49 62 32 53 57 58 54 28 58 59 74 63 70 41 42 26 62 55 35 48 67 45 68 34 36 68 58 41 78 56 59 70 50 51 35 71 64 59 71 80 57 43 54 53 36 24 54 46 84 37 57 39 99 54 66 67 52 36 33 50 97 79 41 46 57 80 55 68 43 45 71 45 74 56 66 60 55 36 57 57 49 30 53 62 49 42 52 45 72 81 56 54 86 26 75 42 34 59 43 33 40 55 79 48 36 47 75 67 64 66 55 69 54 49 58 58 56 31 48 44 30 20 54 68 35 30 69 56 48 34 56 39 28 71 33 12 52 31 54 59 52 55 57 50 83 39 56 45 59 50 55 47 84 60 43 
43 43 38 31 41 35 50 78 26 59 39 36 75 68 65 44 43 54 7 66 55 49 43 46 21 65 70 67 46 51 41 60 57 53 54 49 53 49 46 29 82 26 65 49 84 53 66 68 19 45 67 54 44 75 65 58 50 55 70 62 25 44 29 62 57 64 46 71 59 44 80 42 47 45 35 53 62 47 41 61 54 53 41 60 72 48 47 63 36 45 16 47 65 67 39 75 23 77 21 59 78 78 52 56 79 60 62 56 39 56 39 44 48 65 80 62 43 51 41 53 51 63 43 81 39 61 49 47 60 47 26 45 24 52 43 42 43 67 69 88 44 66 31 67 61 35 12 62 72 7 67 71 78 45 62 32 60 79 45 84 55 52 41 39 74 15 31 71 28 37 38 41 36 54 38 83 40 63 38 40 44 44 61 69 68 29 48 43 35 51 59 55 50 61 55 42 49 53 45 63 
73 69 52 35 30 45 39 71 44 36 76 65 47 47 68 47 68 67 32 34 36 86 18 36 49 47 64 71 65 37 34 68 56 78 54 52 63 24 43 63 70 37 56 43 77 73 34 69 21 49 49 44 13 52 56 51 44 62 37 56 48 44 36 50 44 53 21 72 46 63 88 51 52 51 53 45 69 43 45 45 68 26 52 64 53 57 25 31 52 69 10 48 43 66 49 41 39 89 58 51 62 66 30 69 45 89 51 47 33 58 46 54 48 42 42 63 54 50 59 53 71 59 23 50 33 61 49 60 53 58 48 62 57 71 56 52 31 57 59 62 51 29 59 64 36 50 36 53 55 39 54 70 57 38 62 49 42 38 72 71 62 61 12 22 45 45 29 66 36 48 53 36 60 64 24 72 47 68 25 31 26 44 13 79 68 37 42 28 57 44 46 69 48 65 66 72 31 61 56 59 
46 20 29 47 67 42 33 63 22 69 64 61 81 36 78 62 79 28 36 62 43 40 35 40 54 78 48 36 67 42 60 68 58 62 73 45 48 46 35 34 66 32 51 81 66 42 38 64 50 34 40 78 31 59 67 57 69 65 52 40 32 59 43 55 37 24 45 82 78 39 42 57 24 55 17 52 63 66 49 60 34 55 47 84 50 40 35 50 43 63 27 30 60 56 47 76 32 60 58 57 42 77 47 66 85 48 41 39 37 47 36 41 35 78 32 45 43 49 47 36 78 85 52 52 63 28 20 57 66 30 37 70 51 77 67 58 41 57 20 61 53 51 54 43 33 32 21 57 60 64 77 97 57 43 66 63 53 30 65 54 40 81 27 34 52 43 45 49 49 71 53 56 53 53 44 61 48 32 16 66 32 72 34 63 35 42 52 54 47 58 76 64 49 46 42 69 47 45 55 38 
84 89 62 28 48 57 49 48 72 64 42 55 70 51 26 45 52 59 34 68 39 53 45 32 45 39 69 60 47 50 67 82 78 54 51 61 44 30 31 80 80 43 51 20 66 41 39 26 38 55 46 40 11 69 46 72 92 62 19 46 33 57 35 52 32 34 32 47 73 50 66 43 47 78 48 47 68 41 58 41 53 64 40 49 54 71 36 88 43 30 42 82 51 66 42 42 32 78 24 87 42 51 48 46 63 77 39 37 51 47 53 52 19 31 56 35 51 71 29 42 75 36 37 35 59 62 70 74 76 40 30 76 50 60 56 25 39 65 25 94 62 42 74 43 62 51 26 46 41 34 83 69 59 77 74 52 50 36 36 62 37 21 53 65 27 24 37 59 49 50 38 40 53 14 32 70 30 69 39 44 35 70 18 68 60 61 49 35 65 62 100 51 61 42 47 50 53 61 38 68 
43 45 49 52 42 24 66 64 42 42 39 64 60 29 69 76 50 49 35 65 1 51 44 45 52 62 55 39 72 69 49 61 66 66 64 39 50 52 13 69 55 33 43 54 15 55 53 41 37 45 29 76 46 76 54 71 63 45 27 68 68 41 60 43 57 41 14 90 37 35 59 29 46 45 42 47 58 22 29 69 37 46 47 54 45 66 64 21 48 57 30 37 56 82 43 76 29 81 61 59 74 82 52 37 73 63 59 62 40 76 25 52 40 55 62 57 46 76 45 42 79 62 61 47 45 69 49 31 53 64 56 78 43 73 54 37 53 72 30 81 27 39 64 33 59 74 21 40 20 27 44 68 61 63 73 64 62 80 56 62 39 56 46 26 51 17 40 67 83 56 50 37 31 56 68 73 64 61 60 56 36 43 47 73 70 50 44 46 47 33 43 70 63 36 57 83 47 65 66 32 
57 60 59 38 65 25 43 44 44 48 60 48 41 33 49 74 58 58 32 78 31 46 41 12 51 46 53 39 67 36 43 65 39 87 69 62 51 51 54 78 66 37 58 47 60 51 76 47 42 30 41 54 37 62 67 68 59 52 14 49 66 65 1 57 11 31 41 69 25 31 65 55 32 62 20 50 80 33 50 47 79 41 36 66 58 69 74 44 50 40 37 73 36 55 39 66 31 78 51 28 42 43 65 30 54 74 51 50 22 57 46 48 65 34 100 41 40 27 48 48 78 70 52 38 76 36 52 58 52 46 23 21 53 71 78 47 63 76 62 60 21 61 64 44 39 43 45 40 46 35 63 97 55 65 62 47 33 44 34 29 46 67 32 52 48 1 51 63 50 49 57 42 90 43 54 35 50 51 49 35 20 61 44 64 76 47 62 36 41 62 81 62 62 94 63 58 66 64 44 48 
70 47 62 48 62 48 54 66 51 40 33 48 66 40 55 58 34 55 39 69 40 58 24 38 59 69 41 36 95 43 61 100 58 70 48 61 54 53 76 57 90 36 31 51 69 31 64 37 32 36 44 34 52 57 35 43 93 80 31 68 50 52 54 50 54 47 52 93 71 38 57 28 21 42 57 24 53 32 41 66 47 27 47 66 65 67 50 66 59 45 42 67 51 84 72 78 51 72 55 67 64 50 50 44 77 85 73 68 61 76 47 53 58 48 34 78 62 61 17 61 70 39 65 59 41 52 43 33 55 64 31 50 73 54 62 44 27 78 39 76 37 37 74 77 31 49 34 54 60 24 57 74 47 64 61 75 41 45 52 61 18 54 46 36 52 69 58 58 48 37 50 47 57 49 24 65 48 29 35 32 47 54 58 71 44 64 30 39 60 60 45 70 67 38 78 53 71 43 71 32 
57 38 61 50 77 31 51 64 34 65 38 31 65 40 52 59 48 47 36 78 59 60 28 42 21 45 67 39 55 63 49 73 55 50 59 34 47 56 35 60 78 45 54 28 90 38 60 52 42 52 54 58 37 42 47 67 68 45 40 33 49 44 38 59 54 60 44 100 35 26 58 31 39 77 72 41 79 41 40 53 55 49 34 49 56 51 62 51 58 50 36 69 50 71 44 60 8 79 51 53 51 35 49 48 77 86 42 66 43 48 45 46 49 77 55 86 66 71 39 52 74 64 43 43 66 60 65 42 52 65 24 34 58 68 46 36 30 68 51 63 35 41 48 30 29 33 22 50 30 51 54 75 47 70 86 40 35 46 64 69 34 60 56 56 43 56 45 50 50 35 71 70 57 59 41 61 34 31 42 46 52 24 24 70 75 62 44 72 64 69 49 43 64 48 51 49 60 62 54 50 
47 42 43 61 43 73 50 46 41 52 42 58 39 56 36 45 59 52 60 54 57 56 59 56 66 45 48 47 31 53 54 27 69 33 37 57 43 48 35 35 41 59 51 58 45 39 55 71 59 45 58 56 61 42 59 31 50 43 58 24 62 67 54 38 55 51 70 36 59 74 31 60 52 55 61 66 8 59 53 46 37 48 39 60 23 45 62 56 61 63 56 45 43 18 52 37 84 32 40 41 43 42 59 51 31 34 45 45 71 32 41 57 47 53 48 42 53 29 64 59 39 46 33 55 41 51 48 54 37 41 61 53 58 34 49 51 50 37 67 23 51 51 60 46 65 51 73 49 48 65 53 19 44 49 34 54 51 59 59 31 50 45 60 63 46 60 64 45 37 41 61 45 48 50 66 30 41 54 35 59 63 35 54 31 37 41 62 59 49 47 27 45 36 63 42 73 46 40 45 64 
30 48 29 47 31 74 61 50 49 45 49 50 42 54 40 43 55 64 74 39 59 51 44 61 63 49 41 33 21 42 66 7 56 32 55 67 39 59 42 40 33 69 41 41 33 56 42 60 56 37 34 47 65 43 42 27 42 36 58 50 72 50 44 56 56 38 65 29 64 57 26 39 51 32 51 40 24 59 56 56 58 38 42 38 31 39 52 45 48 58 68 42 59 28 49 39 66 20 51 26 27 52 59 57 46 21 33 49 52 46 29 61 41 44 42 33 53 23 44 44 36 46 57 57 43 52 62 51 35 61 57 44 61 40 41 27 55 15 71 28 59 58 46 56 66 57 49 36 50 54 54 10 35 36 35 55 55 33 47 19 59 55 53 52 43 75 76 47 42 57 63 30 45 43 68 36 66 62 45 52 89 35 72 31 31 49 43 43 49 29 43 43 46 44 44 58 47 23 41 58 
54 62 56 62 45 64 57 32 78 45 52 60 34 56 38 51 68 48 80 32 58 48 50 70 52 36 47 35 55 42 60 27 43 38 38 59 34 51 45 60 19 86 33 60 37 49 39 24 72 46 41 49 54 44 40 43 38 62 39 47 70 60 70 58 42 47 65 30 52 70 35 71 54 47 55 48 36 56 54 49 59 49 52 26 32 47 60 57 48 56 74 56 46 30 61 42 76 36 77 36 41 36 55 42 16 44 34 49 66 36 56 46 54 46 47 38 58 44 52 53 51 40 58 13 66 51 48 60 39 42 75 56 52 48 55 55 56 29 46 29 63 47 49 32 62 69 74 50 47 78 39 31 43 49 29 63 48 33 46 32 50 48 45 61 41 88 62 35 62 61 50 48 46 45 60 32 65 33 61 61 61 53 57 30 36 60 55 58 42 64 41 38 48 38 50 51 47 48 46 52 
28 33 50 68 50 59 59 39 57 65 39 42 40 51 60 51 35 39 70 56 53 34 70 55 53 51 45 45 42 50 50 23 43 37 51 54 36 57 56 42 33 76 43 61 39 35 55 55 71 55 56 53 84 58 41 45 54 32 59 43 63 58 58 52 66 55 70 27 55 52 31 57 47 44 48 60 36 57 48 58 51 51 57 41 42 45 65 56 47 45 80 40 57 36 54 56 68 12 41 38 44 32 61 47 52 13 60 53 64 48 62 55 58 60 67 38 59 39 49 50 33 55 80 44 51 45 50 41 35 59 58 53 41 37 49 42 61 38 62 34 51 69 53 44 71 62 69 50 42 60 47 28 31 57 31 65 74 50 40 40 44 42 76 77 61 74 65 42 53 59 49 56 43 52 72 33 52 41 66 64 69 48 86 46 33 45 55 53 39 53 48 27 53 52 27 39 71 39 41 52 
36 76 55 54 35 69 63 44 65 43 53 49 14 53 44 39 49 64 74 33 55 43 61 57 38 28 45 63 41 53 50 35 59 42 34 63 51 56 60 49 37 65 41 45 44 42 45 52 54 59 51 29 75 42 44 51 39 42 49 57 75 43 64 43 59 69 59 24 30 68 40 55 61 43 73 60 34 53 64 48 67 38 48 44 52 48 69 39 67 37 83 52 50 34 56 46 74 44 51 48 56 32 51 53 23 29 67 57 58 46 63 46 59 39 51 38 43 36 53 59 29 24 56 46 40 54 68 59 35 59 65 44 64 26 45 37 57 31 76 42 46 44 43 66 48 64 65 49 50 40 51 15 46 56 37 31 51 59 40 40 56 35 68 61 51 77 60 37 58 44 47 50 57 46 53 34 59 57 65 41 66 44 80 30 40 44 47 51 53 41 30 30 43 51 62 43 50 45 58 66 
30 28 53 73 44 62 51 54 35 39 56 52 35 47 59 49 50 60 79 41 61 43 56 61 37 53 35 45 43 46 45 19 38 33 53 45 55 64 68 15 23 50 50 65 37 58 48 55 66 37 56 63 87 34 46 29 14 39 67 61 65 51 57 50 56 60 70 47 43 40 21 59 56 42 50 58 30 59 54 51 47 40 66 46 42 51 57 21 40 64 59 18 47 34 60 57 76 28 75 23 54 50 52 41 35 48 51 48 41 51 42 48 53 43 37 63 50 34 74 54 26 50 61 52 38 42 52 48 30 54 62 24 57 39 43 75 60 41 56 26 39 56 46 58 49 52 65 58 47 76 33 24 50 27 50 47 58 49 68 40 68 68 57 47 53 75 58 34 46 40 50 65 50 85 73 35 61 35 60 62 69 40 60 36 42 42 54 55 51 48 22 48 40 40 43 51 48 40 52 50 
45 58 51 55 68 70 49 39 56 49 55 55 28 69 40 35 65 52 71 54 81 40 52 61 54 47 51 66 41 31 58 25 52 29 43 72 54 54 79 39 43 65 54 44 70 56 52 56 71 46 68 37 63 45 50 32 43 35 52 45 48 63 45 64 33 53 77 21 61 56 38 63 63 56 56 54 44 63 58 38 61 54 48 56 53 37 47 65 45 47 64 47 60 29 49 31 65 20 52 36 46 50 61 52 26 35 56 51 55 33 70 42 40 43 60 42 59 27 54 58 28 27 41 46 47 36 55 68 60 46 47 37 43 38 37 39 44 29 58 17 65 64 40 64 55 54 75 54 67 67 34 31 42 46 28 47 30 41 44 35 65 52 48 66 47 58 68 36 31 48 59 53 58 43 45 32 47 40 61 52 83 43 58 22 25 44 57 54 61 58 58 40 36 60 59 27 48 31 35 63 
38 34 48 59 50 73 43 56 58 47 51 48 48 60 52 60 41 35 69 30 65 50 45 71 54 51 53 68 38 45 48 30 63 25 43 53 42 52 43 33 31 63 41 58 42 47 28 56 59 69 58 36 48 55 41 31 47 43 76 58 43 36 72 43 48 64 54 32 69 55 43 49 63 49 53 56 28 66 51 54 25 56 59 54 45 47 37 48 46 67 68 30 58 39 58 45 70 33 64 51 54 58 44 49 38 36 46 48 63 43 53 61 54 60 22 42 61 57 70 57 30 38 54 53 37 55 44 52 43 61 78 58 50 46 37 53 40 30 61 36 74 51 41 60 62 57 77 57 43 61 44 21 45 42 33 58 70 59 47 59 52 42 69 65 51 77 60 56 51 47 46 49 25 61 54 58 67 49 51 66 61 41 59 36 23 43 36 55 41 49 26 39 47 32 47 56 38 41 51 46 
26 58 52 44 60 71 38 39 40 55 56 54 30 69 38 42 55 49 74 39 58 42 58 63 53 33 49 58 22 55 59 1 45 30 38 38 35 46 34 41 34 64 46 51 30 61 39 62 62 65 50 51 60 44 68 51 32 25 55 49 52 49 61 47 49 54 58 7 25 60 33 69 65 46 57 78 41 73 63 47 61 59 53 45 47 36 48 40 37 56 61 37 62 8 43 23 56 39 46 41 36 49 49 47 28 35 48 37 54 27 62 57 50 56 49 23 52 37 84 46 31 52 48 44 49 45 69 53 35 37 70 43 37 43 36 69 61 23 55 25 57 66 47 27 76 61 67 57 38 81 43 26 35 41 43 35 57 62 34 34 66 46 56 61 35 40 46 44 47 49 51 55 47 40 66 25 50 73 58 52 56 47 38 31 37 38 64 54 36 30 43 37 41 67 35 43 35 51 38 58 
43 43 55 63 37 65 60 35 62 39 51 62 28 65 39 28 53 61 74 33 49 30 62 62 57 52 36 50 31 27 51 22 46 46 36 61 39 40 58 47 25 78 38 57 37 53 41 42 66 55 51 45 67 53 51 38 22 43 57 51 54 46 68 57 52 44 48 8 66 84 42 62 61 46 48 57 21 68 45 48 68 43 60 54 38 41 36 43 51 60 63 41 52 29 57 46 88 10 47 47 44 64 49 49 27 29 61 53 50 57 41 57 52 34 45 15 35 46 59 50 40 39 64 58 48 44 40 60 45 50 68 51 54 28 46 50 63 37 45 37 61 74 53 69 70 61 74 51 58 55 49 26 55 38 27 52 51 55 34 35 73 45 44 59 46 47 56 40 54 59 30 41 45 50 69 47 50 56 52 63 52 71 81 39 25 28 64 29 42 40 43 38 45 62 54 56 58 43 45 51 
980 936 992 1012 995 981 989 998 950 979 
