10 200
69 50 44 32 55 3 39 62 77 27 62 57 60 59 76 57 63 65 56 58 11 45 29 58 62 52 29 43 48 47 51 22 50 46 42 33 32 42 47 49 58 16 68 30 29 71 52 33 50 60 56 49 48 70 52 47 62 55 40 56 26 35 41 55 38 56 31 51 59 58 56 17 52 42 52 35 30 80 45 55 72 30 83 90 54 47 43 45 54 72 48 53 51 85 25 34 34 80 69 34 51 40 36 58 44 80 47 83 67 45 59 27 33 15 57 58 43 70 38 41 40 66 52 47 39 34 48 85 66 67 85 57 37 43 55 51 40 55 23 55 62 58 61 49 51 38 70 45 63 61 56 61 34 64 52 45 20 76 41 71 55 50 47 40 55 66 43 45 51 70 50 36 45 52 54 11 85 64 58 49 76 64 28 52 45 63 50 40 69 58 40 35 63 59 40 58 76 57 42 30 
47 58 79 40 50 22 44 84 63 42 65 58 63 51 60 59 51 70 50 83 65 52 55 76 49 63 41 45 57 39 34 33 80 30 57 47 38 33 41 49 54 22 69 45 72 60 51 47 64 78 57 77 50 67 54 88 46 65 24 44 55 69 47 56 25 61 55 40 57 53 38 35 57 64 40 69 49 26 62 32 71 59 62 64 47 44 70 60 45 54 38 39 79 100 54 41 66 71 64 79 56 52 47 61 51 51 64 40 60 54 64 28 51 34 53 37 52 61 38 42 72 52 37 53 52 57 62 62 57 44 54 21 54 42 52 62 50 66 41 64 57 65 42 42 59 27 89 49 77 67 36 70 23 55 25 74 42 38 5 49 44 56 69 59 35 76 31 62 52 63 60 58 54 70 61 52 74 39 60 45 55 84 63 59 78 60 28 56 62 44 64 49 65 57 57 51 46 57 40 52 
52 68 18 41 48 61 65 95 40 5 38 62 66 52 46 45 66 69 28 65 76 21 31 58 34 47 53 72 45 60 37 38 54 51 48 31 68 49 62 32 73 31 68 40 49 53 56 29 36 64 44 75 52 57 47 81 81 75 11 50 47 80 75 56 16 38 53 71 48 33 35 67 37 46 54 97 19 36 43 39 95 12 76 77 50 45 52 77 75 56 48 29 26 89 61 78 22 69 68 49 45 39 48 80 49 53 38 54 47 52 41 42 47 30 47 57 30 39 58 51 31 48 61 39 34 43 46 65 53 63 60 2 33 52 31 51 59 77 32 56 42 51 49 41 61 82 65 45 52 60 54 56 36 51 42 46 19 55 30 45 67 64 49 76 17 78 53 36 61 68 61 37 48 78 60 23 70 50 50 35 33 79 43 60 62 65 44 44 58 68 60 75 70 32 59 66 56 35 26 45 
45 68 35 33 63 52 69 55 56 42 39 59 61 62 47 64 64 62 62 59 41 20 28 60 50 62 41 78 44 36 79 17 55 41 62 57 47 38 34 53 64 55 53 9 73 76 56 55 49 42 70 54 61 62 44 52 50 49 17 55 64 31 20 59 58 31 33 72 57 56 53 38 68 48 44 56 27 65 41 51 68 29 63 65 49 25 59 42 73 50 68 34 52 78 68 52 63 72 86 67 73 54 43 41 64 55 55 60 81 49 50 35 54 12 57 53 56 67 57 28 33 70 56 45 10 67 44 66 56 66 67 62 46 70 70 65 59 63 10 58 21 60 80 37 47 47 67 61 61 47 30 44 39 66 22 54 42 64 56 47 51 64 57 63 57 75 30 45 51 73 49 53 28 40 58 58 67 44 87 41 55 57 57 65 89 48 57 56 44 41 64 51 78 47 38 74 65 47 45 13 
70 31 52 35 49 47 48 82 45 16 35 69 73 61 57 53 59 73 53 66 62 29 38 53 50 63 48 78 14 52 48 55 39 20 66 53 45 22 58 42 46 50 83 32 41 57 46 45 46 49 81 55 54 45 48 50 53 73 51 35 33 64 11 78 31 40 54 52 65 12 71 40 41 65 39 59 53 43 70 49 53 40 64 63 85 28 52 85 66 36 77 50 60 73 38 44 12 72 69 37 49 31 55 35 51 30 72 55 50 22 49 30 51 37 63 32 57 76 57 47 68 42 51 32 43 50 56 57 71 62 55 32 60 54 49 61 47 25 59 49 11 62 54 50 86 39 31 34 65 61 46 47 40 54 37 69 24 70 45 55 50 70 48 66 66 71 26 56 12 69 61 48 54 61 80 55 69 53 9 36 59 75 58 73 48 62 35 44 69 55 49 49 41 39 39 48 47 67 52 22 
38 35 36 47 42 55 58 83 59 29 40 37 89 69 66 46 74 37 49 74 78 23 47 69 52 51 40 50 58 45 40 1 48 45 79 30 57 33 39 53 35 49 54 7 50 53 72 49 69 46 38 82 65 41 42 67 78 63 44 56 53 51 52 59 47 52 47 42 67 46 72 37 47 57 64 50 33 33 46 48 59 41 60 71 70 42 42 53 73 45 64 61 71 54 28 71 42 54 64 56 70 43 41 35 62 41 86 34 69 46 36 40 72 8 59 40 26 81 41 57 54 49 40 42 34 65 67 75 60 58 75 37 19 64 50 89 28 86 42 53 26 42 22 58 65 59 100 43 56 47 34 60 56 66 24 77 49 78 57 58 86 90 59 57 53 73 38 67 61 73 48 74 27 91 37 52 73 59 32 50 72 77 47 41 56 53 41 73 42 65 68 39 55 23 39 67 38 79 30 60 
48 45 51 36 75 44 42 83 49 15 50 47 70 41 61 24 57 100 29 76 71 34 56 48 35 34 33 57 45 43 72 39 45 60 84 35 8 49 45 37 56 29 90 42 23 73 51 14 23 35 45 83 60 77 47 58 55 56 46 55 47 52 57 39 38 28 61 51 49 64 60 54 52 63 70 37 40 39 65 44 56 54 100 60 69 14 29 37 64 77 38 65 55 90 11 53 62 73 69 72 65 38 16 34 42 53 52 77 90 57 63 18 50 23 53 51 40 58 35 58 30 50 35 32 50 46 54 27 44 50 57 43 57 34 50 70 49 76 29 25 29 59 56 52 46 55 70 26 36 33 44 54 20 84 31 65 46 65 42 54 61 65 79 67 50 73 61 31 48 59 43 22 59 55 65 50 90 60 41 43 54 52 62 69 60 55 53 45 62 53 59 40 49 57 34 72 57 39 52 46 
39 48 37 47 55 53 46 77 46 41 28 57 54 42 58 45 39 67 61 64 59 36 47 58 59 54 45 58 44 41 38 38 58 72 63 43 26 83 56 22 27 59 27 40 45 55 83 60 56 49 50 81 76 93 32 61 56 50 32 35 65 47 30 67 27 33 34 97 24 39 57 63 42 39 54 83 35 26 63 52 45 58 82 92 46 47 63 56 64 65 74 80 52 78 30 75 78 100 70 69 39 37 31 45 41 54 53 52 48 73 66 61 29 47 53 43 47 46 39 49 29 53 60 23 27 36 14 62 63 57 72 20 70 52 64 48 40 49 26 63 36 60 33 71 66 46 74 47 50 67 29 46 47 65 51 43 53 39 26 70 75 50 62 37 28 92 51 59 54 60 73 36 42 51 49 43 67 49 30 42 42 41 45 59 66 59 55 35 53 65 37 39 53 23 46 92 44 21 36 16 
72 33 55 32 67 36 52 80 67 9 56 53 68 51 54 46 66 43 43 76 72 29 45 73 47 68 37 60 56 26 60 17 70 38 46 37 67 25 52 68 59 54 71 38 68 69 57 35 30 37 53 72 52 52 67 57 37 53 74 64 45 35 85 49 35 47 30 64 61 29 54 28 78 46 61 55 58 55 44 27 48 48 78 63 59 52 60 58 77 48 47 10 64 83 17 46 48 61 92 77 64 33 51 47 29 50 65 36 48 31 54 17 66 37 68 32 46 94 39 43 72 24 34 28 48 48 58 64 49 70 63 22 57 27 57 55 73 79 34 57 40 66 66 47 56 46 75 43 72 63 79 31 53 72 30 63 17 57 42 15 83 44 70 51 38 57 57 57 48 48 25 77 36 39 60 84 81 48 42 34 44 71 59 49 44 30 44 67 53 45 25 41 56 49 47 39 51 51 49 26 
46 68 40 79 30 44 36 82 27 38 54 52 70 48 56 47 41 67 34 56 27 19 67 62 68 57 62 54 39 57 63 41 16 59 65 35 27 45 52 39 63 69 67 63 45 81 81 57 32 57 57 65 71 51 58 61 93 73 10 69 38 69 40 41 45 42 16 56 31 35 39 32 58 65 41 55 37 83 56 39 80 80 57 66 39 51 83 31 60 65 52 55 60 68 24 40 50 50 65 46 43 35 40 52 31 59 50 67 75 63 59 39 55 13 87 64 24 38 47 54 62 44 53 58 51 21 69 37 90 57 81 26 50 47 55 51 64 66 47 47 61 51 46 47 67 53 85 65 41 77 50 42 32 78 1 60 71 71 30 46 56 71 45 37 43 82 29 68 56 73 68 49 18 55 72 71 47 22 71 65 33 82 65 44 47 29 44 57 57 45 63 50 66 36 36 74 62 55 60 43 
51 56 63 63 46 80 60 26 31 76 48 53 44 44 31 49 42 40 46 53 72 60 67 36 43 56 55 49 41 46 48 77 41 54 52 54 57 54 45 55 43 72 37 56 57 32 40 70 48 34 54 30 51 31 51 41 40 46 61 45 67 49 54 44 60 52 62 40 38 53 43 79 49 45 40 58 65 31 61 56 29 64 44 21 60 50 48 50 27 33 47 51 36 33 61 51 69 21 36 50 51 54 54 43 68 34 47 32 32 52 32 69 59 84 37 48 63 35 59 58 55 50 48 60 60 59 56 25 34 29 26 71 53 68 44 35 61 46 78 60 51 53 51 41 53 68 19 63 41 44 59 48 65 39 63 46 68 24 67 47 48 46 53 48 63 46 60 42 52 31 52 56 58 35 43 68 21 46 29 51 43 44 68 40 53 57 52 55 35 51 68 64 47 50 75 32 42 35 65 72 
45 52 36 69 47 74 57 25 36 64 60 35 47 50 40 53 47 36 56 30 25 49 53 42 45 47 57 46 43 59 66 82 36 59 32 50 66 58 55 52 48 66 17 64 38 46 50 63 50 51 48 16 45 40 55 14 48 36 69 57 47 44 55 48 60 40 45 50 49 45 48 49 50 49 59 24 56 45 49 57 33 53 39 30 45 56 41 39 42 48 50 66 41 19 66 47 49 29 37 38 47 76 64 43 52 57 35 55 52 57 44 67 61 75 41 55 50 38 63 58 36 40 51 57 53 45 52 41 55 35 35 75 49 52 58 46 66 39 74 49 44 48 45 59 49 71 24 52 23 42 58 37 72 55 83 31 57 34 68 62 42 46 44 46 63 25 70 42 54 36 42 44 49 39 41 54 33 51 53 49 44 32 50 36 34 55 59 26 43 62 45 38 29 48 56 49 45 58 63 58 
50 46 71 62 51 50 42 21 50 80 60 47 46 49 64 43 36 24 55 29 37 79 60 44 56 39 56 27 56 48 59 71 43 53 55 80 46 54 50 73 48 48 30 68 56 48 56 58 59 46 49 31 49 40 61 38 21 32 76 43 41 29 43 41 83 45 47 35 48 66 55 44 53 51 47 2 83 56 45 51 26 67 25 35 47 60 50 45 35 44 56 56 61 28 53 31 60 27 36 45 46 57 66 27 61 48 51 51 54 49 42 63 59 86 49 53 65 55 44 64 62 65 40 82 69 65 56 33 61 47 41 93 53 55 48 49 48 22 69 33 53 31 38 55 59 35 31 51 47 42 45 50 60 38 59 46 70 33 69 51 38 33 56 32 81 33 58 54 36 33 33 48 60 22 41 70 34 47 44 54 57 33 52 52 43 53 67 63 44 42 47 34 39 60 53 36 45 55 65 68 
50 49 56 70 55 49 34 42 44 70 62 47 25 60 49 38 47 34 50 44 50 70 70 40 50 46 62 34 65 58 34 84 46 54 42 62 58 59 58 55 43 59 40 82 48 34 48 51 43 47 39 37 39 41 50 35 55 51 74 46 31 47 77 48 55 58 56 29 39 40 43 54 53 51 54 41 71 42 47 43 39 64 36 31 52 64 49 50 27 47 36 68 43 40 42 48 43 14 29 45 40 58 74 66 41 34 56 55 28 52 44 66 47 78 23 46 61 42 35 63 84 49 41 48 70 39 50 49 48 30 34 53 50 45 36 43 49 27 83 32 75 55 37 68 54 53 36 54 30 61 60 44 63 35 79 44 64 38 67 50 50 40 56 50 52 26 77 56 66 28 48 40 76 44 36 47 34 42 29 56 42 44 51 42 26 59 64 47 57 50 51 47 27 60 61 14 50 50 66 85 
29 57 51 64 40 69 59 14 58 88 64 44 32 40 44 43 37 45 47 38 33 54 63 44 53 31 58 35 67 29 52 55 53 66 30 56 64 62 45 50 69 58 35 72 52 54 45 59 47 38 41 41 40 60 53 51 47 33 55 54 66 48 65 37 63 59 48 44 45 67 30 61 50 51 70 42 62 44 33 56 38 64 36 36 40 60 51 32 37 38 38 55 41 23 56 57 69 25 28 57 59 68 59 40 46 81 41 34 56 57 51 71 42 76 38 61 64 24 38 59 42 47 49 61 50 62 62 43 34 31 46 72 49 55 66 50 63 49 58 53 74 39 47 45 23 60 56 54 45 46 53 52 65 56 64 34 55 39 56 46 55 34 48 35 38 36 64 49 85 41 43 39 42 42 36 39 25 55 64 50 49 34 52 31 46 59 65 51 40 66 55 38 49 62 63 52 57 34 49 66 
46 61 67 66 45 46 45 17 50 73 67 63 24 33 46 45 33 54 51 30 35 74 68 32 55 60 56 58 61 61 47 92 57 55 20 59 44 73 61 53 72 59 45 81 53 36 38 68 35 54 52 35 46 63 68 22 26 32 61 38 50 43 38 43 57 62 49 62 41 64 41 62 58 44 48 32 66 42 37 37 38 64 40 28 58 58 65 47 24 61 37 49 35 35 67 49 55 40 38 40 30 57 61 63 46 59 34 49 48 53 62 72 36 68 45 61 66 34 55 46 63 51 44 57 60 52 45 24 37 46 31 66 62 52 48 24 68 45 57 43 71 48 63 47 55 50 11 55 35 47 57 43 55 42 63 21 54 38 47 46 20 31 52 45 49 28 57 45 45 35 46 44 57 20 54 44 36 45 46 56 29 30 59 59 58 71 73 36 59 43 36 54 39 64 72 46 57 22 64 42 
53 51 64 66 35 68 54 34 43 83 56 54 41 50 35 55 31 22 65 18 41 76 58 54 55 46 66 44 51 60 52 58 44 51 11 69 75 53 50 57 56 58 17 56 59 35 43 79 62 55 53 31 50 36 54 37 46 45 60 50 50 48 54 50 62 70 41 47 55 45 42 51 54 42 48 61 54 54 47 57 39 59 27 37 47 68 49 39 31 21 60 51 48 26 69 60 37 38 27 37 43 65 59 53 53 48 54 26 21 41 50 75 41 73 48 57 64 50 58 59 68 58 42 63 58 57 38 48 48 46 43 60 39 60 52 42 52 32 75 53 61 51 55 49 61 45 43 70 51 57 64 44 64 36 66 44 67 39 77 44 41 47 42 34 68 29 50 63 55 50 41 71 57 50 38 41 16 43 44 54 47 38 53 48 41 55 59 59 40 50 31 63 34 52 65 38 45 60 45 61 
58 52 56 54 50 60 56 36 41 61 72 42 47 60 49 43 47 30 45 32 31 83 63 36 43 46 53 45 48 60 56 66 44 38 38 54 60 43 61 67 69 45 53 61 52 50 21 54 49 55 47 47 33 17 61 39 49 54 70 65 43 52 61 28 70 44 65 12 57 48 45 50 52 54 48 38 59 64 35 49 44 51 17 31 61 53 41 46 37 48 37 40 57 20 69 31 38 22 28 41 64 71 76 50 60 57 34 49 60 40 36 57 50 66 45 65 56 45 54 54 81 42 46 75 58 65 58 38 51 49 48 74 50 53 34 51 47 58 70 45 68 35 37 43 35 58 18 51 56 48 64 55 58 36 63 42 57 44 83 35 31 43 38 49 65 33 52 42 58 41 28 52 66 47 52 60 36 50 64 52 56 37 51 50 53 45 62 59 53 42 68 55 44 77 46 22 54 68 69 79 
48 58 47 63 31 74 49 30 34 82 56 38 39 53 42 55 47 52 58 28 37 79 48 37 41 40 58 41 45 59 37 78 31 69 50 64 45 79 52 49 45 57 32 64 40 32 43 66 54 62 32 32 48 48 54 35 52 37 39 37 62 57 36 63 66 55 64 44 54 64 41 73 34 49 51 43 61 54 43 76 37 61 34 37 44 60 41 47 33 38 47 66 37 14 70 55 54 31 10 47 43 58 60 45 78 58 32 58 44 53 39 84 44 69 30 69 66 13 56 59 48 56 52 58 56 61 50 34 52 39 32 79 53 82 43 43 41 41 53 55 54 48 52 54 49 53 32 54 35 51 39 77 55 28 69 37 87 50 57 61 28 46 44 47 65 49 56 42 53 56 59 30 57 63 33 24 20 44 54 66 34 35 54 43 35 63 65 36 52 55 64 64 50 62 47 51 42 48 52 84 
58 37 67 35 48 65 64 19 75 74 42 53 39 51 50 62 49 42 67 35 59 78 56 44 49 49 41 46 50 42 61 69 77 55 37 58 74 55 51 69 51 32 32 49 62 29 37 48 71 50 40 46 33 41 56 34 23 37 72 43 56 48 54 45 70 55 67 47 61 56 53 81 44 37 65 43 72 47 51 48 36 46 38 45 51 61 34 56 21 36 49 41 52 37 75 66 50 36 42 51 48 66 58 50 70 50 49 30 29 49 42 63 47 87 30 43 61 49 52 49 47 50 45 47 52 55 34 50 32 39 31 68 43 50 46 49 42 35 70 40 57 43 42 55 48 45 24 39 54 41 52 51 72 36 83 58 55 36 69 52 50 23 51 64 54 27 68 39 44 42 36 51 79 50 28 53 38 61 43 40 43 22 51 40 39 74 68 51 41 50 37 40 26 60 77 33 39 48 47 71 
996 970 993 986 994 980 1001 1002 998 991 
