20 200
56 56 35 46 79 63 61 85 36 36 35 40 35 43 34 60 59 43 54 60 46 52 60 37 46 44 39 60 63 64 82 31 46 36 49 40 46 46 43 81 76 63 79 45 39 32 42 66 37 59 49 36 66 56 36 26 18 67 45 34 34 63 54 66 66 48 33 53 80 83 46 55 50 54 68 52 61 35 39 34 81 49 49 18 34 52 56 13 55 43 78 64 60 30 72 37 13 56 35 37 56 48 61 61 79 67 49 63 22 66 50 73 65 64 60 35 45 62 55 42 36 59 53 52 62 49 61 53 39 84 62 68 17 24 67 40 76 64 61 54 56 20 36 63 50 33 50 75 64 74 50 52 59 55 57 53 67 64 77 62 89 45 74 47 63 90 62 12 51 53 56 56 33 25 60 45 62 64 34 37 64 52 35 48 57 39 36 56 34 76 32 64 35 52 34 27 41 81 23 64 
62 36 39 48 66 52 64 49 57 72 45 48 35 76 35 66 66 53 48 50 46 44 44 40 18 65 49 57 48 48 42 37 48 30 36 44 52 41 31 81 60 65 70 79 57 46 40 47 57 50 58 33 40 29 40 43 41 61 36 58 39 70 24 38 55 37 56 30 71 59 60 41 43 62 60 53 60 52 56 9 82 63 43 58 56 52 58 5 24 30 72 13 65 29 78 46 22 28 13 32 62 35 40 67 62 57 60 77 38 29 35 56 39 26 41 53 38 60 58 38 51 52 90 43 71 59 90 51 42 51 45 42 43 1 62 60 61 65 30 52 57 52 58 67 39 48 45 83 51 50 48 37 29 53 65 51 55 65 64 46 51 43 78 59 19 64 46 26 76 63 37 34 24 58 58 41 58 76 53 37 90 34 26 68 58 31 19 40 44 46 60 68 54 36 31 39 43 34 43 56 
45 59 49 15 45 58 64 65 48 54 61 46 50 86 51 41 79 40 52 47 42 53 58 49 24 40 60 54 69 58 49 14 63 27 56 52 38 79 49 71 71 58 69 68 72 39 52 49 34 42 41 37 58 59 35 26 31 37 14 62 47 46 51 67 55 50 40 55 56 34 40 61 59 60 59 54 46 69 93 24 58 58 32 31 39 56 71 27 45 55 66 57 73 36 62 9 48 51 42 64 60 72 65 34 47 49 47 72 25 48 52 32 53 69 54 43 35 46 67 58 29 51 96 77 39 62 82 47 37 34 34 51 37 35 33 36 85 69 59 38 56 48 38 58 46 58 55 52 72 51 33 74 64 42 46 48 43 58 64 66 59 22 75 43 71 54 37 44 66 49 29 52 22 81 52 49 44 42 37 29 73 63 44 23 31 24 43 48 32 40 25 63 62 55 26 81 34 53 44 84 
53 73 33 38 81 58 49 62 30 59 52 41 24 66 63 48 88 51 50 71 48 57 35 64 48 57 66 49 75 58 33 46 51 18 33 68 37 51 39 57 77 93 97 29 54 57 69 24 48 63 46 55 40 52 4 46 52 57 53 74 43 46 37 50 35 53 44 35 65 52 29 77 64 45 51 75 85 68 72 12 79 65 77 27 47 63 57 41 45 16 53 41 69 46 77 35 47 40 46 52 59 36 55 74 74 21 61 42 75 38 30 45 33 69 71 55 32 49 70 77 62 67 63 63 46 36 66 58 61 46 46 32 43 26 20 27 57 52 57 65 45 66 54 44 79 43 37 67 56 66 36 88 40 65 43 58 72 61 72 80 75 37 73 50 55 79 23 36 39 67 25 62 30 45 10 58 44 29 52 43 83 36 22 40 36 50 57 46 14 48 71 51 50 34 43 38 54 70 38 49 
29 54 38 51 79 64 65 81 63 55 43 41 21 81 42 55 60 86 48 61 62 35 56 55 28 65 67 64 69 66 32 35 48 51 78 62 37 46 60 61 56 90 79 56 53 1 53 62 89 51 70 35 19 41 32 53 41 71 50 59 68 48 40 50 24 60 42 67 77 80 48 71 51 47 45 74 51 70 60 26 81 58 78 57 53 72 71 70 39 54 78 66 60 35 67 27 38 50 48 68 59 63 71 75 47 20 68 75 40 7 65 41 36 40 69 53 35 69 50 43 19 41 65 74 37 50 72 66 42 55 39 66 49 27 44 52 45 71 56 46 52 39 43 48 56 29 44 77 53 51 58 63 23 59 53 59 31 67 85 66 40 42 85 47 62 61 41 36 72 60 42 23 47 13 35 31 81 58 25 37 64 66 37 54 49 38 40 41 18 63 60 26 58 69 62 36 62 54 54 100 
39 54 20 6 51 59 44 95 72 74 55 37 64 84 50 39 66 51 29 34 55 25 58 69 24 71 61 55 56 80 65 48 42 42 95 72 50 30 41 67 69 73 89 48 84 41 44 53 80 50 55 29 63 37 48 45 50 78 24 48 73 54 64 59 21 57 63 65 52 67 29 61 78 41 48 73 56 40 70 32 80 62 58 57 45 75 61 33 37 61 77 38 35 33 73 42 28 48 45 48 66 61 53 80 60 44 71 68 27 28 23 60 27 62 47 61 60 39 40 74 49 65 66 55 48 45 76 38 54 48 45 66 29 20 52 32 60 60 62 45 42 48 78 64 43 43 80 59 49 34 60 46 77 51 85 20 72 78 66 94 91 22 81 42 56 59 61 22 49 60 35 41 12 26 50 83 65 68 50 56 56 71 21 72 61 10 30 67 29 63 44 43 42 25 31 48 57 54 46 77 
46 46 34 67 61 67 46 89 40 38 44 54 29 79 56 70 77 88 57 58 84 54 46 72 37 40 48 39 65 51 37 51 57 20 55 50 46 18 44 65 62 53 85 38 63 25 36 65 45 40 36 46 32 49 33 53 63 55 52 67 39 54 56 42 58 46 59 49 71 59 45 87 58 78 47 34 62 77 59 56 100 41 53 36 36 39 70 33 63 35 26 58 42 28 39 44 52 64 46 38 48 46 50 60 75 83 45 45 29 37 37 59 24 47 63 63 45 77 100 59 55 49 66 74 37 34 64 62 54 32 46 37 19 37 39 54 62 42 64 42 51 31 56 71 34 30 40 75 70 57 59 69 64 100 65 25 40 100 65 92 85 43 73 61 52 95 50 63 56 44 55 54 40 60 33 11 35 62 23 65 70 27 47 31 36 23 47 69 20 52 27 43 43 46 19 50 46 61 22 73 
61 52 55 69 44 67 44 79 92 40 69 39 73 80 33 51 73 38 47 60 60 46 58 39 50 45 24 64 49 63 65 49 46 38 51 50 26 29 48 51 85 93 90 33 49 31 70 58 49 57 51 30 1 13 54 34 43 50 17 61 55 48 48 44 53 52 54 55 72 15 43 43 49 58 31 44 57 98 89 52 97 40 44 30 48 34 54 54 41 51 53 82 59 36 80 38 50 36 12 43 64 21 58 71 58 65 60 59 73 43 51 57 38 68 57 57 43 67 36 50 38 51 69 49 56 27 67 45 49 56 24 73 53 38 55 18 68 41 63 36 36 66 59 72 69 43 72 57 62 69 46 54 69 42 73 32 90 64 85 62 64 41 73 48 60 68 51 50 62 57 24 84 34 71 45 41 36 39 18 53 69 47 42 33 31 35 53 34 21 51 15 46 57 54 4 59 59 69 6 62 
48 57 46 41 70 40 40 74 58 64 59 72 27 60 39 47 71 28 49 52 64 41 42 62 40 67 61 40 74 50 49 57 32 44 39 56 45 47 49 54 66 57 55 74 64 22 44 70 45 52 36 51 44 50 20 50 50 61 20 43 48 45 43 71 40 55 55 43 70 15 39 71 87 53 68 78 46 37 60 21 91 59 52 32 44 39 37 33 26 35 66 59 39 61 62 40 58 40 42 65 49 33 81 53 53 42 62 39 49 52 52 54 40 60 45 55 35 59 49 53 61 80 64 51 43 35 66 52 44 59 22 55 17 22 38 35 59 85 55 52 41 73 56 64 86 51 62 73 66 36 37 77 23 54 79 29 63 56 67 66 42 58 79 51 41 100 62 18 52 65 56 70 34 32 43 32 58 28 19 48 74 59 31 53 24 23 34 63 25 77 45 28 24 35 29 42 46 36 34 63 
85 47 49 18 61 53 44 83 85 40 25 42 44 83 64 72 83 58 39 52 60 41 65 56 30 59 35 40 55 71 52 68 44 45 53 51 49 70 48 67 45 65 100 62 71 30 47 35 81 35 50 60 39 50 33 26 56 43 38 65 56 43 73 41 38 55 46 19 68 78 46 65 43 65 55 77 58 60 73 39 91 75 36 42 76 64 45 27 39 19 64 34 55 42 89 39 37 64 50 64 38 58 35 59 58 33 34 48 35 47 59 58 53 62 42 48 59 84 41 40 46 47 73 100 42 26 78 49 59 45 43 68 46 21 43 74 52 67 43 61 38 41 81 67 47 43 41 64 83 48 29 67 35 63 36 48 62 59 86 61 61 28 87 49 54 83 44 57 30 83 60 53 20 41 47 37 70 82 55 54 86 62 48 61 32 33 46 36 34 46 44 35 38 37 18 56 55 57 25 76 
77 58 15 22 72 74 62 75 53 27 47 27 44 77 72 81 79 68 49 24 63 54 52 60 36 73 65 39 87 80 59 52 24 60 49 62 56 61 32 57 85 71 81 49 55 21 75 39 69 34 51 40 61 38 15 61 61 48 38 43 34 84 35 38 18 69 61 47 70 41 50 64 27 45 39 98 49 55 77 36 95 61 59 21 50 46 70 49 30 56 74 38 48 16 82 29 60 48 43 30 87 43 58 90 78 52 55 52 52 57 31 59 34 68 43 57 30 37 39 43 48 52 80 57 58 42 37 42 68 50 75 76 37 10 55 39 75 60 80 25 42 66 66 33 50 37 34 89 82 66 35 55 39 48 69 58 48 68 100 72 49 22 66 61 52 86 40 44 47 60 70 45 42 37 50 63 62 56 38 45 28 43 66 42 42 51 65 34 26 41 27 81 63 51 40 67 55 62 30 86 
60 36 48 45 37 79 56 91 55 68 50 55 40 72 52 42 52 38 57 61 57 40 40 47 42 32 81 52 49 57 58 39 46 32 37 50 36 41 49 61 44 75 88 27 45 36 44 75 92 54 59 43 47 50 26 24 70 52 46 64 68 48 54 52 20 64 35 43 72 49 39 66 55 68 35 62 59 47 74 52 89 43 26 43 29 45 46 49 30 42 84 72 49 41 98 40 44 50 50 56 58 35 45 70 73 37 60 38 46 48 11 79 37 64 81 49 46 60 60 25 49 63 70 35 46 44 78 46 53 48 51 78 34 25 44 41 58 79 60 54 60 47 56 77 88 31 61 90 65 58 66 38 47 66 67 84 55 82 74 66 61 65 76 36 56 79 65 45 56 52 54 33 49 28 35 38 55 50 39 31 52 38 56 46 47 21 45 38 28 74 53 51 44 52 34 33 45 48 41 64 
53 67 30 56 62 70 50 66 22 73 36 31 58 88 79 39 49 53 51 13 55 39 58 56 62 76 52 61 29 52 57 55 18 70 68 47 67 28 64 62 86 78 80 30 61 35 73 63 63 33 44 50 37 33 23 46 53 83 52 46 17 69 57 85 52 42 58 36 70 53 40 47 42 57 42 64 64 43 37 46 95 61 43 40 49 54 58 31 27 42 76 78 50 61 60 42 34 90 64 66 48 65 61 46 58 61 26 57 47 38 67 69 34 74 36 56 38 80 50 65 45 46 63 66 44 71 72 45 46 39 61 59 53 25 62 37 82 82 45 44 59 26 72 43 58 38 57 82 60 56 43 60 32 73 45 54 44 81 80 69 78 38 84 58 56 79 42 37 36 71 52 42 41 49 42 60 65 40 42 25 69 37 19 54 44 53 27 67 60 61 53 54 42 38 23 41 55 67 47 64 
58 45 50 28 75 46 50 84 62 68 45 48 56 54 58 48 83 37 19 31 72 52 76 64 17 56 63 52 89 75 50 29 38 44 37 55 25 56 41 75 49 49 64 34 39 16 59 46 53 58 31 48 34 48 37 55 57 67 53 58 57 59 65 66 39 34 67 68 54 47 37 52 69 80 55 65 61 69 48 35 55 60 37 15 62 35 58 43 48 42 49 58 45 54 58 64 65 54 38 50 88 61 33 80 63 48 76 61 18 26 31 65 22 36 18 55 61 19 60 55 63 58 94 53 73 34 89 46 44 35 29 37 14 7 47 46 69 80 13 51 28 40 67 73 73 42 85 70 60 46 49 46 41 78 38 67 37 69 87 79 67 44 88 59 54 68 40 43 47 48 30 43 2 57 64 55 27 24 38 52 68 53 39 45 53 38 43 32 32 66 45 43 47 38 45 50 41 56 33 88 
41 66 56 26 63 86 39 100 51 61 34 53 11 76 47 35 47 42 57 30 67 62 51 67 53 66 69 68 69 55 46 55 38 66 22 67 57 51 57 58 67 65 49 55 56 17 52 54 65 79 37 77 66 85 59 45 43 55 27 29 31 59 54 60 85 50 75 62 74 43 51 47 21 73 60 52 48 70 60 43 83 67 46 32 46 52 65 19 47 20 72 71 46 48 66 49 45 15 35 57 63 64 27 61 72 62 41 67 37 37 61 64 62 59 57 46 43 39 79 49 49 35 63 56 52 52 88 47 60 55 45 61 52 44 54 59 84 95 58 55 41 49 32 50 38 27 43 57 94 44 87 70 50 83 72 52 57 77 69 68 98 18 79 23 58 100 64 52 41 91 32 42 15 42 29 47 47 64 19 27 56 39 65 49 56 37 54 29 20 53 67 47 74 33 38 35 42 82 58 75 
45 64 34 20 62 62 50 84 70 52 65 49 38 77 40 76 76 46 62 44 57 36 57 47 27 63 53 59 41 55 41 52 45 64 70 61 55 57 64 70 75 49 49 32 65 43 69 57 37 37 43 50 61 51 22 56 58 58 26 58 47 59 68 38 28 38 32 50 69 47 61 81 54 53 64 72 25 82 86 51 83 67 46 1 36 69 44 47 29 54 29 57 58 35 74 45 49 61 54 62 50 63 35 66 77 61 52 44 20 59 53 66 40 79 44 67 30 56 57 58 17 50 65 41 53 42 83 56 64 86 42 52 65 28 35 56 88 84 46 78 61 73 58 60 93 44 50 67 70 33 50 48 56 53 78 32 46 60 69 65 47 62 89 42 64 81 18 26 42 75 55 26 29 60 52 43 30 73 27 63 75 34 58 55 56 41 21 48 44 50 35 69 33 61 35 46 44 60 25 75 
47 45 31 32 44 62 39 96 36 27 46 55 8 85 36 54 57 40 42 62 59 39 61 42 25 60 80 86 81 49 34 51 46 39 55 59 20 32 59 59 76 57 93 29 58 46 63 43 52 66 55 39 29 45 40 73 68 51 39 43 41 50 51 48 48 48 42 35 57 45 41 71 29 51 66 38 35 54 75 32 95 43 50 40 36 60 72 46 18 33 52 74 39 33 61 42 60 36 42 55 46 65 60 78 71 56 44 52 28 52 64 48 45 54 43 44 40 47 51 51 46 34 84 63 66 62 93 54 48 44 54 72 49 36 50 47 67 55 64 74 52 41 83 43 75 48 22 89 83 57 49 62 42 52 38 42 37 69 85 50 70 39 78 57 72 85 40 55 52 54 44 41 29 54 39 56 35 37 38 32 48 23 41 21 27 45 25 26 37 74 53 45 70 60 60 61 65 40 49 81 
34 52 47 40 52 45 20 65 70 38 47 62 21 81 51 41 76 53 45 43 47 47 73 64 39 62 65 31 90 41 42 46 65 60 48 61 57 53 53 58 45 51 48 51 78 60 75 56 59 36 46 41 41 29 38 28 48 71 43 46 37 72 63 62 41 94 54 40 82 36 60 78 51 65 35 56 61 71 61 20 84 51 32 43 68 35 55 59 48 47 54 93 52 42 64 43 35 67 28 48 63 46 63 96 87 47 41 41 4 40 38 62 76 73 53 59 52 48 41 56 55 71 73 70 54 27 56 55 44 43 34 62 28 40 54 55 59 67 72 36 40 31 59 54 46 70 54 77 72 48 59 56 43 67 64 57 57 86 64 65 48 53 86 53 57 74 38 47 50 51 43 36 14 53 25 29 72 56 43 71 62 37 51 30 29 67 26 46 34 48 50 68 45 41 43 53 69 57 21 40 
54 41 31 50 53 60 23 73 49 55 36 38 22 61 39 86 68 54 53 54 70 56 66 48 35 71 22 53 40 47 64 47 44 56 58 32 46 41 33 70 70 48 80 52 42 34 42 42 51 40 43 62 54 54 15 70 23 47 59 57 39 60 51 44 70 73 52 49 69 58 38 62 42 80 72 49 45 62 45 8 68 80 53 51 67 98 26 42 1 8 66 60 73 27 76 38 41 87 54 55 53 30 44 73 67 56 21 72 15 27 44 48 39 76 48 39 44 84 54 40 35 57 77 79 68 50 87 66 68 36 43 36 51 34 45 41 66 50 57 47 45 45 55 44 52 46 46 69 100 21 53 48 62 54 33 37 36 48 71 64 61 53 100 41 54 76 45 41 38 25 28 62 23 27 55 54 63 75 37 43 27 47 25 38 54 44 35 63 27 55 24 83 57 34 31 61 71 72 31 56 
54 40 29 16 83 71 30 79 56 65 53 32 33 80 42 35 71 47 32 54 77 12 47 46 32 48 60 43 29 55 43 62 57 43 36 33 53 68 51 70 71 46 83 44 43 25 67 50 66 47 45 37 50 53 37 34 31 34 54 63 50 56 45 71 51 51 64 32 74 58 53 67 37 64 57 76 70 57 61 52 99 49 48 27 57 35 41 49 64 48 82 51 55 59 53 56 52 66 57 60 32 46 51 75 77 51 35 31 41 23 51 73 41 74 35 58 47 54 60 73 39 43 58 55 60 31 63 64 63 59 45 19 43 25 55 36 76 87 61 56 62 60 78 69 47 62 56 67 71 55 61 44 54 47 35 14 40 76 66 70 45 47 93 43 56 75 19 44 57 70 13 48 19 55 54 47 47 63 33 40 34 51 49 68 38 38 40 77 33 67 40 59 61 47 11 51 69 68 53 65 
39 45 65 47 28 41 47 21 48 59 60 62 76 43 60 44 38 58 52 54 54 53 42 51 59 53 55 45 34 29 22 62 53 64 60 50 54 57 66 25 40 41 27 55 47 60 42 55 58 42 53 66 44 49 85 85 86 64 57 63 67 31 38 33 58 49 66 51 24 39 54 44 51 42 33 39 49 56 57 71 17 36 52 69 56 65 53 73 54 57 30 40 40 64 31 66 73 68 62 55 44 53 38 49 25 36 50 38 69 43 51 34 39 42 44 53 53 38 35 47 61 42 34 22 49 55 43 47 61 46 52 45 72 82 48 58 32 36 28 57 39 60 64 40 29 76 56 32 32 41 42 38 48 43 38 58 35 42 28 48 15 59 22 52 45 10 41 76 49 39 57 55 82 37 54 56 36 45 66 47 29 59 54 44 51 55 65 52 70 39 59 60 58 49 65 54 52 32 68 35 
39 65 61 63 39 48 38 42 39 40 69 41 65 28 51 47 30 48 70 44 38 56 52 48 90 32 49 51 35 43 53 67 57 67 55 47 56 55 64 28 25 33 20 45 38 61 41 51 35 52 49 60 55 77 59 65 57 39 63 48 54 39 72 50 58 53 48 52 28 40 47 47 62 37 44 26 50 42 42 84 20 44 56 52 48 52 55 75 88 55 37 69 38 76 31 69 56 59 74 58 42 57 53 27 34 53 45 34 59 70 68 41 56 57 54 48 60 48 47 57 39 52 24 58 36 53 18 54 54 55 64 63 70 95 50 44 37 34 50 50 50 52 37 31 64 43 64 14 47 55 48 71 69 46 45 33 49 36 37 38 45 49 20 44 65 28 58 75 31 49 65 64 61 49 60 47 47 33 67 61 33 57 65 49 43 66 64 49 63 44 61 43 56 72 71 59 60 56 62 44 
56 45 43 79 34 43 37 21 53 40 49 61 53 27 54 58 23 52 44 59 42 54 41 37 76 50 39 43 27 31 52 80 39 71 50 56 66 40 56 30 27 43 26 48 31 55 53 52 54 54 46 65 47 35 67 66 70 48 81 43 54 42 55 30 55 50 64 56 45 64 60 36 57 44 47 34 47 39 18 69 17 33 61 71 57 48 40 65 66 44 43 57 49 62 46 76 61 48 56 56 49 44 42 67 52 42 55 37 66 53 43 56 58 40 62 48 67 50 33 50 70 64 28 29 69 56 27 50 57 61 54 44 60 69 50 73 20 34 42 62 52 60 46 44 46 49 49 42 35 55 54 40 52 47 52 56 59 24 31 38 30 68 15 63 37 27 56 58 43 36 74 52 71 29 46 53 52 46 63 75 35 55 53 60 72 64 53 50 73 47 59 42 54 54 64 28 47 48 69 31 
44 43 59 64 18 43 48 20 56 43 44 45 72 22 40 50 28 34 51 31 44 54 58 50 60 43 57 50 29 39 68 46 44 79 66 43 60 56 57 44 43 21 12 61 40 55 29 64 59 42 47 47 58 48 86 49 45 34 52 54 71 41 51 55 68 49 56 62 41 43 77 26 42 41 51 32 27 32 25 81 25 46 44 64 61 42 37 52 47 79 55 40 43 55 26 63 63 51 46 59 47 61 53 38 28 76 51 54 57 66 64 49 71 40 36 62 68 47 36 34 39 32 38 47 59 57 35 46 53 49 56 54 65 62 84 63 42 33 46 57 54 40 48 57 26 60 62 43 37 46 67 31 61 43 54 39 35 25 37 36 35 64 33 52 54 11 68 65 44 41 79 44 80 55 70 54 54 63 53 44 31 65 70 51 72 62 53 44 73 44 45 55 65 50 58 45 63 26 57 52 
51 40 70 45 40 37 32 11 38 30 52 62 62 28 55 44 34 40 59 48 50 64 58 38 64 41 52 44 32 39 71 51 60 56 36 37 47 58 64 45 46 35 20 67 48 81 45 45 26 55 40 64 60 50 76 52 48 50 65 52 54 41 55 57 73 44 52 40 31 24 59 36 60 50 47 27 61 29 36 55 23 37 46 65 47 37 44 38 66 48 17 24 46 61 32 85 68 51 61 35 57 36 39 26 50 67 38 30 70 94 47 63 55 47 54 65 61 44 47 57 64 60 37 26 69 53 24 31 58 47 66 37 57 74 53 45 50 24 43 65 39 54 62 51 58 58 53 24 31 51 42 42 52 38 50 42 60 44 30 52 58 59 18 60 39 33 66 55 38 50 60 65 58 61 67 36 42 49 64 58 40 44 59 49 64 41 63 49 69 45 48 61 57 39 63 59 43 64 48 13 
52 60 61 87 50 37 52 23 39 40 46 67 60 35 59 52 32 42 71 64 36 65 46 39 76 37 52 40 52 39 47 44 54 46 24 34 53 57 54 21 38 25 18 58 26 55 63 53 28 46 52 63 45 57 60 74 51 37 67 50 33 43 35 50 76 53 44 44 36 59 63 38 35 47 52 50 44 42 30 58 27 44 34 56 50 23 50 60 66 46 32 54 56 76 31 62 68 62 56 52 47 45 44 31 28 57 35 36 75 77 69 40 61 42 52 48 63 55 54 35 57 45 35 37 58 57 31 60 56 46 53 37 79 79 48 60 41 34 33 48 66 47 39 27 52 62 47 31 52 61 50 53 44 47 32 57 50 38 35 23 34 59 19 59 46 29 39 65 54 41 70 61 76 54 64 36 38 41 59 58 45 42 79 29 53 77 62 42 72 32 62 47 56 60 70 56 51 46 66 19 
56 40 60 44 38 42 53 26 61 40 57 65 57 22 51 39 34 22 55 56 30 54 30 29 64 34 51 55 38 35 49 62 38 80 40 49 39 65 52 44 39 42 20 56 41 72 55 43 56 56 56 62 68 50 65 55 51 54 49 36 47 42 58 51 55 46 52 43 46 39 63 28 52 23 54 53 39 35 38 51 12 51 61 61 66 60 45 65 44 57 55 36 55 62 51 69 51 48 56 65 43 59 52 41 25 45 46 48 78 66 52 47 65 54 51 37 53 33 21 57 54 49 32 37 54 63 31 43 38 60 50 62 79 64 67 42 41 55 48 56 55 72 56 30 46 75 65 27 33 40 41 29 56 24 36 57 56 18 38 20 10 62 25 53 36 10 52 54 49 56 59 54 57 41 56 80 52 39 61 49 46 58 59 50 65 66 62 36 76 35 64 62 61 52 73 58 55 57 67 36 
46 50 33 42 58 52 64 24 10 59 42 59 36 30 61 43 36 67 62 49 40 59 50 53 64 51 63 43 49 39 38 55 55 57 47 45 72 73 49 42 16 21 21 72 47 64 42 37 53 36 51 63 75 71 58 62 60 55 68 38 39 42 49 43 60 56 47 55 34 72 58 58 68 38 55 43 42 19 30 70 10 47 57 79 61 58 43 47 57 54 39 19 50 63 35 53 55 65 66 41 39 65 43 33 25 36 36 45 58 69 53 54 63 46 57 50 62 45 64 47 55 39 25 40 58 62 32 52 44 43 70 49 48 69 46 57 36 49 31 57 64 38 44 41 25 63 53 39 26 37 48 51 49 50 31 60 31 45 27 41 41 63 21 48 41 24 30 56 49 47 77 30 84 36 44 58 65 42 75 53 47 66 65 61 55 61 47 72 77 53 59 49 49 49 70 33 50 23 74 23 
62 63 59 62 40 51 50 26 40 50 52 37 80 40 63 45 34 66 59 50 25 57 58 43 64 26 48 53 24 57 40 53 69 57 64 47 50 55 54 39 35 43 29 38 29 62 43 56 48 51 59 50 60 44 75 62 58 50 64 60 53 43 54 50 57 53 49 57 38 76 55 33 26 45 40 18 41 59 42 75 23 35 46 75 56 66 53 54 70 63 39 52 52 56 37 59 53 63 56 41 42 66 30 37 46 64 47 58 64 63 44 43 76 39 50 46 52 43 44 55 50 31 44 46 41 61 42 51 51 45 64 46 68 73 59 58 37 22 44 69 63 36 47 50 25 59 44 34 38 68 59 36 69 47 29 67 43 46 25 34 51 63 34 48 54 13 46 75 43 34 53 37 73 69 64 62 46 66 76 59 32 42 73 31 52 76 74 46 59 32 53 56 78 51 72 65 43 51 51 47 
23 54 57 74 44 43 62 24 34 56 67 57 49 25 40 36 23 35 56 45 29 65 45 43 72 36 60 53 46 18 47 35 58 60 51 54 60 43 48 37 49 38 6 48 35 71 48 60 40 43 52 66 61 53 64 67 45 65 58 32 62 53 40 62 74 41 46 70 26 44 59 26 50 32 46 45 40 39 43 50 9 30 56 66 28 41 43 58 62 58 40 48 55 56 28 74 59 49 59 56 58 46 50 42 42 71 59 54 75 57 56 43 60 39 51 48 50 36 43 56 52 47 24 24 50 66 31 46 46 52 60 40 58 73 50 37 52 34 52 67 55 57 27 43 54 62 57 34 18 53 65 41 59 37 63 52 55 37 32 29 35 70 25 68 36 19 58 74 52 23 49 60 75 58 72 48 42 40 41 57 31 35 50 39 56 72 64 60 71 61 57 61 51 54 75 44 47 61 65 34 
44 54 77 83 27 29 42 33 58 61 56 61 77 23 40 39 28 41 47 71 43 46 43 45 81 34 43 51 21 21 47 54 61 43 52 47 65 41 63 44 28 28 33 57 53 62 33 52 33 55 45 53 45 52 87 37 52 45 57 58 60 29 51 62 74 32 37 54 19 51 49 38 63 49 56 6 45 49 22 71 12 42 42 62 52 48 36 52 70 49 26 47 48 66 29 71 51 53 56 61 28 42 47 35 33 60 52 43 67 54 57 47 61 40 71 44 67 66 57 64 59 49 24 48 49 64 51 49 39 57 50 26 54 88 54 64 34 38 39 64 64 45 32 55 36 54 65 27 23 38 60 31 61 52 43 55 53 46 26 29 50 64 21 35 46 12 52 62 52 41 42 53 70 62 60 45 37 45 62 53 72 54 55 57 54 47 46 70 69 52 63 33 38 50 61 37 45 43 67 27 
49 60 65 53 45 28 48 28 50 30 45 49 64 29 38 54 41 46 51 41 38 56 62 45 59 52 42 49 51 36 48 43 50 70 56 47 55 67 57 43 29 19 18 71 43 66 49 35 12 46 47 65 61 50 62 72 50 61 53 47 44 51 36 50 71 45 62 60 36 49 70 35 53 37 44 39 41 39 28 46 19 56 63 64 52 46 51 50 59 51 16 46 58 56 27 66 67 49 43 39 40 55 62 35 44 53 41 58 71 60 75 39 56 33 34 57 58 31 38 65 65 37 23 54 54 64 24 47 49 71 59 45 65 77 48 61 48 26 40 41 45 53 51 31 21 58 37 23 37 51 37 56 48 33 36 26 42 20 32 42 56 52 30 48 49 22 48 51 51 42 59 67 57 69 55 54 53 42 62 59 53 51 47 64 58 71 60 60 58 28 48 39 56 61 66 54 64 40 64 35 
49 35 66 66 37 45 52 35 58 32 68 54 54 16 38 60 62 46 47 72 46 72 40 54 76 28 52 52 42 45 60 47 65 42 42 38 37 58 54 26 24 30 24 60 40 64 26 38 49 63 54 68 54 59 76 56 49 43 48 53 62 45 44 38 61 48 55 65 27 44 56 44 49 47 46 31 52 53 56 55 22 45 67 61 59 49 43 68 60 75 40 42 48 46 26 51 61 36 39 46 44 38 55 50 43 49 49 42 61 62 47 32 53 25 70 41 63 36 43 48 57 49 36 35 57 45 27 53 60 60 55 43 52 75 39 57 25 19 46 52 51 73 45 29 41 63 46 21 25 53 52 45 67 40 52 56 53 31 24 35 28 54 25 60 45 11 50 67 59 41 61 57 64 50 42 44 37 54 64 71 42 72 73 51 57 60 70 34 61 53 48 46 52 58 62 59 39 43 60 46 
43 58 60 62 28 48 52 19 44 53 49 63 59 36 51 39 17 45 65 53 40 40 37 42 80 41 31 40 23 41 57 81 58 62 41 51 68 60 62 25 37 42 38 65 45 78 36 50 41 46 58 61 60 43 67 46 56 33 53 54 56 46 38 43 64 55 37 47 43 66 55 38 41 19 36 39 45 37 48 66 34 42 51 77 54 59 43 53 56 59 41 51 48 59 36 64 46 55 51 55 28 48 65 36 29 51 32 35 71 68 52 48 62 51 69 57 61 71 48 46 52 54 32 48 53 56 27 51 57 78 56 52 73 84 54 39 35 21 65 55 62 54 43 44 26 62 31 31 38 45 46 57 64 41 44 38 57 31 20 41 37 51 13 51 51 17 60 74 55 41 70 73 99 49 58 41 58 62 73 46 42 55 53 42 52 70 63 60 66 48 60 61 55 62 71 42 40 46 69 22 
57 45 52 78 30 37 59 9 58 35 55 53 66 20 43 54 42 59 52 78 29 50 59 39 66 39 48 37 38 39 53 53 67 40 56 32 44 63 46 31 34 30 29 46 46 78 44 53 35 47 63 41 64 23 53 46 58 35 76 72 72 43 36 26 31 43 43 40 23 58 50 44 78 32 41 46 48 35 38 53 17 34 59 59 55 38 46 68 61 60 42 50 55 53 50 58 69 85 62 38 51 38 57 28 35 49 58 42 55 64 42 52 41 49 40 48 55 55 33 54 50 65 18 39 42 53 33 43 44 57 55 49 62 57 39 42 28 10 42 52 54 54 50 44 42 85 46 43 18 52 28 30 64 45 39 63 50 40 27 29 3 77 14 63 61 14 61 56 65 25 62 54 86 63 58 58 48 35 75 62 45 59 42 52 61 61 57 70 77 60 42 50 37 68 64 61 52 29 52 38 
42 48 70 73 46 34 63 16 43 53 42 51 67 34 52 35 30 60 54 45 47 64 46 53 71 46 45 43 50 52 60 44 58 59 33 47 49 44 45 41 32 52 35 63 31 58 41 46 59 53 56 50 47 53 76 62 51 41 66 41 62 41 28 53 76 51 57 54 35 64 55 28 47 42 48 43 64 36 17 61 25 34 41 90 60 49 59 53 75 39 63 49 52 62 27 58 59 53 59 39 55 32 55 35 30 51 52 60 67 54 48 35 64 34 68 43 54 47 35 53 65 55 43 39 49 54 21 42 37 40 57 33 56 78 56 55 25 43 57 37 38 52 60 49 25 58 43 35 38 54 44 44 45 44 34 57 53 29 48 33 48 39 14 55 38 27 75 73 56 52 42 64 72 63 58 46 71 30 61 45 47 67 61 53 64 61 83 48 68 48 53 28 65 39 64 51 55 43 70 33 
57 56 73 65 50 28 52 4 58 64 61 60 67 1 52 44 42 68 52 42 33 53 36 45 67 33 31 38 31 34 54 56 59 66 63 47 65 61 51 37 29 45 24 66 39 58 35 58 38 42 49 62 67 56 73 47 35 55 57 57 64 34 50 49 43 45 63 48 32 55 51 28 58 47 55 40 53 47 32 67 13 32 50 61 64 46 36 40 73 61 30 40 58 61 35 72 43 54 50 49 51 45 44 24 43 60 50 51 72 65 47 59 56 47 62 58 71 45 44 52 78 60 29 38 47 57 24 55 44 55 47 39 50 76 47 70 44 38 41 39 52 52 9 47 33 57 66 11 22 55 47 39 67 53 41 54 60 32 33 45 29 65 22 55 45 22 70 62 50 47 63 67 84 61 61 54 51 47 72 59 52 65 70 77 74 63 76 65 74 31 53 59 49 42 53 57 48 56 68 33 
55 49 58 63 50 56 76 33 48 44 57 54 72 28 44 48 29 39 76 62 42 55 31 45 85 27 51 64 23 56 60 55 34 35 53 51 41 46 56 40 49 51 44 49 32 46 39 58 49 53 63 72 58 69 56 67 57 37 51 57 65 37 58 40 60 39 41 53 37 60 41 28 46 52 66 47 49 44 61 72 9 49 69 57 37 48 51 53 44 59 39 14 52 66 36 64 59 39 59 45 35 46 50 22 22 53 57 59 78 47 55 48 43 36 46 45 63 50 59 43 51 43 33 31 38 66 49 46 59 47 59 39 72 77 54 60 42 41 38 55 59 60 36 39 52 50 56 34 25 42 36 48 65 38 33 46 33 25 40 33 43 75 15 54 43 13 75 47 48 50 71 56 77 51 76 52 37 40 39 56 47 45 54 68 67 50 73 51 55 39 57 44 55 54 64 54 30 41 70 47 
49 49 59 49 42 55 71 22 48 45 66 56 68 37 63 30 30 52 52 47 36 59 43 61 71 33 62 67 49 48 37 51 51 61 42 67 52 61 61 32 31 45 13 44 51 67 58 41 50 50 56 59 62 44 79 53 75 52 62 44 62 41 42 54 37 33 55 41 36 47 51 26 61 45 36 45 48 41 54 82 26 30 54 56 48 14 63 45 79 83 33 45 30 74 22 65 46 45 53 47 51 73 57 17 46 45 65 43 76 65 50 46 55 25 53 50 45 34 32 49 49 53 26 32 49 48 28 44 37 74 53 60 59 62 50 54 37 47 49 54 55 52 36 43 43 50 53 18 20 70 53 36 51 50 52 53 59 39 32 26 33 63 10 53 47 37 60 56 62 48 53 54 70 54 52 53 40 29 64 60 48 57 66 60 54 54 66 31 77 40 63 21 51 66 66 37 31 38 70 32 
60 48 66 77 31 29 70 20 57 41 54 59 56 30 54 61 32 58 62 42 41 81 48 52 68 53 45 70 54 42 42 49 50 63 60 65 45 46 64 54 34 37 13 54 58 73 39 53 30 48 46 48 50 38 61 61 61 67 56 42 68 52 48 36 65 45 53 57 40 41 48 28 46 35 47 33 42 45 36 52 23 49 52 71 44 58 41 55 61 65 26 59 42 42 46 55 56 35 36 53 58 56 57 36 20 58 66 62 66 68 47 32 64 32 65 39 54 48 51 35 55 58 32 42 51 72 47 41 37 46 69 63 59 88 56 63 22 26 44 43 38 48 29 34 55 53 47 21 35 61 36 58 47 42 50 78 58 23 28 37 44 44 12 67 43 22 78 48 49 44 74 62 75 46 45 57 57 33 62 46 55 62 61 29 57 58 52 27 69 23 54 47 60 58 81 62 32 38 50 31 
492 507 498 495 489 490 491 491 506 490 486 484 488 499 483 495 501 494 491 493 
