20 200
56 38 55 70 59 35 44 37 52 69 52 28 57 66 58 29 41 56 57 36 59 48 34 80 59 34 44 59 69 52 20 59 48 39 50 66 93 62 41 46 48 46 58 80 46 49 57 61 55 66 54 58 51 63 18 39 48 50 41 53 64 67 51 30 63 62 31 43 78 80 66 39 36 74 53 44 55 35 70 53 87 49 74 53 56 39 43 21 56 52 40 50 44 49 74 38 49 56 67 64 49 50 57 43 79 67 55 36 36 45 47 50 54 46 55 44 57 32 46 33 43 24 59 50 62 29 25 31 37 58 75 43 30 34 36 42 58 53 59 22 55 43 40 83 41 52 67 73 38 17 76 64 63 69 44 36 30 15 29 58 47 60 46 51 42 44 90 43 56 73 74 58 62 27 61 54 61 23 66 63 67 71 31 64 59 69 37 84 27 22 62 70 50 41 32 35 31 89 28 89 
62 42 48 69 48 60 42 44 93 78 86 26 53 27 59 34 33 81 55 37 59 27 55 59 32 52 54 79 37 67 7 82 73 54 37 60 47 46 59 50 38 81 59 56 55 45 50 63 32 78 58 27 74 54 79 37 30 37 53 54 67 54 45 57 66 61 49 39 63 53 30 80 30 57 50 39 36 80 70 49 69 50 71 41 44 27 71 25 61 62 15 28 51 67 51 27 35 60 47 45 63 58 71 37 59 48 59 42 39 42 46 80 66 42 58 59 62 36 34 58 38 43 52 61 55 26 47 30 64 52 60 44 22 17 38 61 40 29 76 55 52 68 59 49 40 58 55 75 64 9 39 41 49 63 52 54 39 62 27 59 59 40 24 73 69 19 63 29 69 71 57 72 48 71 50 35 45 41 44 55 82 51 40 79 50 73 27 72 38 29 68 56 39 42 40 51 35 76 60 48 
43 42 64 41 51 53 57 44 73 75 66 21 56 50 44 42 61 65 44 12 42 26 27 50 26 39 43 74 49 96 24 66 9 41 19 50 71 37 23 59 42 73 41 72 47 63 67 60 32 60 87 66 52 47 51 62 53 48 64 36 64 54 32 81 65 70 33 51 69 45 33 61 46 52 30 42 15 67 72 46 80 71 78 12 74 50 63 12 43 38 42 30 23 60 61 24 44 31 60 41 56 42 53 48 78 22 55 37 25 27 53 54 72 65 61 57 69 29 38 66 43 23 51 38 46 61 74 37 40 72 33 47 38 46 27 46 43 50 62 18 30 33 73 53 33 39 56 60 49 7 53 72 33 46 63 46 60 55 26 80 66 38 46 49 47 43 56 47 61 66 48 51 54 29 59 67 64 55 30 60 58 68 70 64 37 54 40 83 35 52 78 62 40 45 55 61 54 66 75 67 
73 27 33 62 43 45 62 62 39 67 72 33 41 34 42 61 53 57 64 34 51 37 40 54 72 57 33 78 73 52 33 57 67 9 46 24 64 48 54 55 46 63 52 55 51 57 44 25 66 23 38 52 35 61 64 50 54 48 21 26 62 37 74 50 82 64 58 45 65 55 60 64 44 62 22 78 41 19 74 89 77 36 56 22 45 44 23 27 46 62 37 66 46 30 55 41 36 60 72 35 69 58 62 27 58 67 52 29 28 41 57 47 49 40 52 62 59 59 36 45 51 18 38 67 42 48 75 51 49 66 51 61 56 31 48 41 48 65 73 26 40 30 71 38 38 70 36 44 48 11 42 50 56 54 55 52 32 44 49 47 52 35 46 54 39 47 83 32 38 68 80 70 43 33 64 36 54 52 71 58 81 69 33 64 55 36 41 72 21 50 58 38 77 39 30 57 43 54 46 68 
46 30 22 66 27 36 44 55 51 59 55 35 60 57 54 28 33 69 35 18 63 32 51 74 41 45 43 74 57 65 62 50 51 50 57 64 70 54 48 42 55 65 47 36 29 41 36 61 35 66 78 67 47 65 80 68 61 44 28 48 89 43 43 52 67 77 20 38 56 67 65 66 50 42 20 50 55 49 68 61 89 59 53 40 52 50 31 23 26 60 19 69 57 56 79 39 63 58 65 93 49 62 63 78 85 64 47 37 40 44 37 44 77 79 55 33 49 45 30 15 77 21 20 47 54 14 73 17 30 36 63 33 15 35 33 34 23 43 41 47 51 52 53 58 26 42 67 49 40 1 52 58 40 65 45 56 35 67 34 80 77 56 29 64 35 44 69 52 67 69 40 72 51 23 63 46 79 41 57 52 60 46 75 52 50 50 26 62 30 26 86 43 40 53 29 58 76 52 82 60 
84 14 59 53 45 43 65 59 77 77 52 24 57 33 49 35 71 90 59 40 51 43 53 43 76 49 41 91 44 58 49 40 69 49 49 25 62 38 26 62 26 50 40 53 39 36 30 56 37 59 71 86 44 88 71 66 34 49 28 32 57 43 43 35 55 74 48 55 55 53 52 61 51 65 30 50 25 36 60 45 60 52 55 64 27 63 44 39 50 44 20 60 25 43 56 24 49 67 70 37 66 61 57 81 81 65 17 65 17 41 15 60 58 43 47 48 62 54 49 63 46 37 52 41 53 33 51 31 45 50 68 47 34 45 15 34 53 47 69 41 50 32 47 61 29 38 62 53 52 26 34 36 37 38 43 51 38 39 40 73 70 18 24 85 48 55 64 25 59 59 49 45 34 17 49 45 55 22 12 62 79 62 53 66 38 74 13 42 9 43 67 49 39 56 66 58 42 72 64 78 
43 47 40 63 23 53 37 40 57 63 43 40 35 50 60 55 56 73 78 39 70 33 33 42 65 34 59 68 42 43 34 59 66 43 55 32 63 33 63 55 47 84 47 36 40 74 47 52 47 61 38 58 38 64 40 29 51 42 60 69 58 49 35 47 83 91 25 63 74 63 38 74 50 50 30 63 32 71 60 70 68 46 62 27 51 43 44 34 43 61 27 38 57 69 45 49 54 70 48 47 35 40 44 37 82 51 68 39 40 49 60 24 75 40 33 49 79 44 82 45 41 23 52 33 62 11 70 8 53 22 73 49 46 56 63 26 34 58 74 22 76 64 60 33 21 49 100 71 69 6 42 34 62 75 59 71 50 58 41 69 66 33 55 75 44 33 99 46 61 46 65 28 52 40 81 55 58 19 40 72 65 57 43 60 36 71 23 60 36 44 57 40 52 56 63 70 55 68 55 45 
57 35 34 69 73 52 71 81 82 56 67 31 36 29 58 39 41 53 39 41 65 37 32 56 29 55 35 75 31 50 55 41 42 64 41 28 55 58 78 61 38 54 36 46 68 42 62 65 45 63 75 80 54 83 83 57 44 43 60 77 63 62 40 38 65 48 38 69 56 69 44 48 49 74 17 83 64 66 72 71 62 51 34 47 48 64 78 13 43 42 28 31 39 55 54 32 50 57 80 57 52 59 47 30 41 48 62 28 56 41 41 55 59 56 55 43 69 35 41 54 41 42 39 52 65 29 50 60 47 53 48 42 41 43 29 18 37 66 44 38 52 41 63 62 19 54 70 55 22 64 63 66 32 72 44 52 44 43 39 57 73 45 40 51 38 37 67 24 58 43 52 42 71 14 50 54 49 13 41 66 54 65 58 62 57 69 23 75 63 41 71 41 59 40 42 53 46 77 65 57 
70 38 57 90 43 34 60 60 93 67 48 7 32 53 75 30 25 74 48 44 46 36 46 52 45 45 57 85 65 53 31 41 77 61 33 45 86 44 41 48 37 51 47 49 78 51 50 40 40 60 75 55 32 46 66 35 74 52 61 51 77 53 36 59 61 75 39 71 53 36 27 47 59 71 31 66 19 45 64 48 65 63 50 60 52 81 45 47 21 78 10 26 45 42 54 37 35 28 52 38 61 62 50 59 44 40 39 62 71 47 26 72 56 38 49 26 64 40 13 37 39 28 48 53 48 32 37 12 13 40 42 61 26 23 32 57 58 43 60 40 59 58 52 58 35 54 52 54 48 11 68 75 55 38 32 36 62 54 53 47 52 48 25 64 54 63 39 23 76 58 52 61 59 53 51 51 85 17 41 49 66 47 64 25 11 76 23 55 29 46 44 27 68 39 32 47 78 49 60 53 
57 42 54 66 45 34 50 42 66 70 55 11 60 57 35 35 43 57 40 54 80 45 37 32 45 30 68 92 55 50 25 56 68 50 40 53 47 74 64 54 48 86 34 67 54 63 57 60 41 73 41 49 49 77 55 44 33 42 40 56 75 59 40 43 68 50 60 14 57 48 57 80 44 50 37 57 32 41 64 61 100 53 64 33 43 64 43 36 80 77 44 43 48 77 21 39 57 39 57 36 44 56 52 24 57 61 32 72 59 78 44 64 78 79 65 52 59 51 55 41 33 9 50 43 43 20 44 3 29 70 73 51 48 62 49 30 45 63 70 15 71 38 55 36 33 22 62 82 52 3 43 39 22 56 68 21 42 79 64 74 75 47 63 73 53 38 71 38 71 51 51 74 50 46 81 45 50 39 53 41 68 33 64 47 33 60 50 62 26 30 75 47 38 19 54 75 52 87 54 46 
71 41 69 50 52 46 31 54 64 81 51 24 65 49 54 43 61 77 53 29 39 35 37 39 61 36 30 78 58 33 51 54 57 21 41 72 77 41 65 66 30 55 34 51 66 49 62 34 37 54 78 55 50 76 45 42 40 31 75 43 84 36 62 63 65 59 41 43 66 58 51 67 39 50 33 61 66 40 50 38 82 45 26 35 40 64 45 55 47 60 30 75 49 43 46 34 47 51 55 70 46 57 64 47 65 66 56 10 56 21 48 76 81 48 80 66 61 41 46 45 43 30 31 48 72 34 52 50 37 47 54 70 35 55 50 57 42 68 80 23 38 29 50 19 1 50 79 67 64 16 71 81 56 68 52 45 52 26 33 69 69 49 45 45 62 16 66 56 45 48 43 18 51 30 72 29 48 49 52 62 73 64 59 70 41 65 24 63 37 57 64 37 33 59 24 65 57 73 62 51 
85 26 20 90 35 29 56 60 72 76 8 33 56 43 56 26 60 43 34 44 45 26 35 48 37 52 31 73 34 40 44 38 47 31 25 48 74 47 55 63 31 75 68 60 49 53 56 63 70 75 68 71 54 75 43 57 30 34 37 45 69 28 37 56 73 76 39 27 61 55 63 46 57 40 38 50 35 67 52 55 90 71 69 57 51 51 59 36 47 39 28 47 33 69 56 35 65 71 56 23 28 52 62 39 44 63 79 50 30 57 45 49 69 73 62 48 61 41 55 34 75 46 36 43 50 51 50 32 29 38 61 48 60 27 25 37 36 39 45 56 55 46 27 63 34 44 73 63 42 24 45 59 49 44 43 46 62 64 28 71 66 37 35 54 49 34 64 44 56 46 77 38 51 28 67 52 49 33 28 83 56 49 64 70 57 71 29 75 40 65 77 38 58 62 23 56 67 74 69 65 
64 32 39 48 49 33 55 51 48 66 43 35 63 38 36 57 62 73 44 17 69 56 44 60 50 40 35 58 42 68 47 62 73 38 39 59 74 51 59 59 41 64 72 54 35 61 61 75 42 49 72 65 67 64 63 40 47 28 27 73 87 52 44 30 45 46 23 38 54 47 44 62 51 51 60 44 50 39 85 69 57 58 64 48 31 45 37 38 46 73 14 46 60 88 62 54 47 51 68 53 44 41 81 46 72 59 25 56 37 29 36 62 68 87 58 33 64 38 36 42 42 38 31 44 63 22 49 4 55 59 68 49 61 7 53 61 38 49 54 54 57 56 49 50 41 28 64 55 61 32 61 74 49 64 47 33 39 31 42 43 74 28 43 63 12 67 44 57 71 52 48 43 88 36 59 35 61 38 48 70 60 33 65 68 53 49 43 49 44 47 69 53 80 72 35 54 44 63 65 51 
86 16 64 56 63 34 47 45 62 78 52 12 62 38 61 46 82 56 29 21 57 31 64 64 64 56 54 60 65 33 55 49 62 28 45 44 60 74 68 82 44 37 34 45 39 52 57 67 54 74 68 61 52 67 55 35 19 19 51 39 75 58 24 50 64 60 46 26 51 58 41 49 34 84 28 44 40 38 71 58 68 41 74 31 43 62 31 54 50 67 29 42 65 38 30 23 41 62 70 23 50 63 41 36 73 57 30 60 50 74 46 48 59 54 49 80 53 34 55 13 36 26 52 68 63 54 64 42 48 77 61 53 58 41 17 41 28 56 43 49 35 65 31 46 33 49 53 82 40 1 70 49 59 40 31 58 45 34 44 70 44 37 48 48 56 30 59 31 85 50 68 59 30 22 55 41 72 15 39 57 57 62 64 60 49 81 19 82 35 10 100 53 32 57 55 27 83 63 30 64 
40 20 53 85 52 31 38 22 57 84 71 4 70 42 56 51 70 63 25 9 53 34 57 49 30 50 42 96 62 43 7 41 49 44 60 40 64 41 65 57 46 66 50 54 61 61 37 65 48 55 68 54 51 81 77 34 40 13 57 45 57 64 53 40 64 66 30 52 77 62 40 52 70 37 38 58 22 67 80 70 72 49 54 43 56 57 39 26 41 49 1 30 66 75 61 19 60 51 69 61 44 57 46 51 54 66 60 57 35 44 78 16 61 33 46 57 52 55 69 44 44 37 49 54 40 17 88 22 51 67 55 52 27 55 32 58 46 37 72 35 45 44 58 59 36 39 84 49 50 1 69 63 69 53 55 52 40 58 56 79 59 78 51 57 37 43 71 29 45 46 47 61 42 60 91 54 58 20 54 47 29 43 58 52 47 91 63 83 50 45 63 48 49 41 41 60 63 56 47 52 
82 32 48 78 40 30 60 17 74 44 48 8 32 39 84 24 43 66 31 2 67 18 46 43 32 51 58 78 59 50 34 44 68 57 58 47 56 58 59 38 43 75 71 37 45 85 60 48 38 83 74 78 50 88 46 68 41 56 100 47 73 56 38 61 35 55 52 33 39 67 32 57 40 35 5 54 57 44 79 53 90 49 43 74 59 40 63 21 42 76 38 35 61 66 63 43 64 32 74 67 63 52 69 64 46 29 72 55 59 40 31 38 72 42 40 36 67 36 59 43 53 35 36 52 55 73 55 49 39 67 73 31 60 42 27 45 45 56 64 52 50 58 48 48 38 44 84 47 15 19 65 55 45 59 51 46 10 67 60 75 57 54 66 57 46 44 70 20 57 54 38 32 48 21 75 65 43 26 60 42 73 35 62 39 56 62 55 62 58 52 59 39 29 40 35 37 67 74 72 84 
73 13 62 70 59 59 82 34 55 86 45 31 63 50 44 61 62 76 32 31 42 23 46 34 61 53 27 81 46 68 23 58 55 26 49 35 56 38 42 49 42 57 28 68 65 79 33 47 45 61 54 61 41 56 61 49 39 43 29 52 76 60 62 46 85 73 41 32 52 52 75 49 54 37 33 57 61 45 80 81 69 16 72 35 55 50 75 41 65 65 36 42 31 52 54 32 53 49 71 51 68 59 36 30 41 47 46 34 35 66 42 50 69 55 50 57 72 51 64 48 57 25 60 30 71 39 61 44 46 64 69 64 38 58 33 55 29 62 59 19 59 30 92 52 37 57 85 70 35 1 48 88 44 58 61 64 69 61 49 32 72 59 29 64 77 48 75 18 73 38 39 44 51 24 59 44 61 38 35 70 64 43 74 62 57 40 53 89 62 47 74 43 80 64 40 40 42 44 58 48 
83 37 62 55 74 55 54 37 73 78 48 48 49 44 53 65 59 52 35 45 53 32 1 34 49 34 45 70 40 58 22 33 58 44 40 65 51 73 59 48 43 52 45 63 41 46 61 37 35 73 55 87 47 99 65 82 39 47 50 82 45 60 53 51 64 48 34 56 63 49 65 67 26 47 54 36 33 51 92 46 80 48 69 61 12 58 42 25 9 54 33 33 46 67 36 42 83 41 50 55 57 66 18 34 51 44 52 66 32 32 40 64 91 37 68 27 69 67 44 43 36 11 36 79 37 55 40 45 44 65 67 63 41 48 68 41 37 59 87 39 78 54 66 43 25 57 53 44 27 1 32 55 51 37 67 50 29 62 74 68 41 46 25 45 44 51 72 52 76 65 52 62 54 13 61 55 87 26 42 55 50 28 67 60 51 30 20 83 30 74 85 51 75 56 43 60 56 65 49 61 
50 23 34 71 55 49 51 52 52 46 59 42 68 56 52 28 68 46 28 34 77 29 40 76 48 33 25 82 65 55 45 45 67 55 24 73 76 42 73 57 54 38 64 66 35 73 50 47 49 44 39 75 50 62 47 49 49 41 56 62 67 44 66 60 67 72 60 62 52 52 26 67 54 62 11 54 34 60 74 57 76 56 61 45 52 54 57 22 51 63 35 68 45 77 39 28 49 41 81 27 58 47 41 49 40 42 47 63 47 33 40 56 40 53 58 80 81 47 52 22 24 24 63 62 60 41 56 26 41 51 42 40 44 30 39 48 38 55 54 38 55 28 48 37 23 48 46 55 47 11 51 63 46 61 26 35 67 23 70 81 66 22 36 65 39 53 96 49 56 58 56 44 62 52 62 46 29 59 55 39 38 56 70 80 48 70 20 61 47 52 53 75 58 44 42 56 83 62 57 78 
76 33 40 51 45 58 38 35 42 74 73 32 48 64 71 56 65 70 45 41 65 15 49 64 53 38 60 59 88 42 29 34 54 51 49 45 61 57 66 55 45 60 46 64 49 56 51 63 52 62 80 86 62 91 58 48 72 25 51 51 61 71 44 38 58 62 27 34 50 69 31 71 49 69 35 80 54 46 72 65 61 52 57 65 76 49 47 27 33 66 45 46 73 61 33 13 63 40 78 51 65 56 60 55 50 47 66 20 21 36 41 48 65 51 61 47 59 66 58 56 41 59 52 58 66 70 53 35 43 53 36 43 38 43 20 44 60 52 48 43 60 72 54 54 35 53 59 58 32 16 46 52 73 54 53 75 35 73 42 45 66 52 50 80 75 39 71 51 54 61 58 35 37 20 56 41 50 33 43 41 50 38 49 81 22 74 25 69 44 55 62 17 57 43 21 41 55 65 61 54 
47 73 46 26 46 60 53 56 32 32 39 68 47 40 30 58 64 35 44 71 42 59 60 22 42 60 50 48 39 45 59 56 44 60 54 55 26 48 49 50 59 46 39 39 55 45 45 43 67 45 42 37 50 24 69 57 50 59 43 47 35 43 44 55 39 34 66 55 32 29 37 61 56 32 58 61 55 56 18 53 21 54 43 51 46 62 62 73 54 37 76 50 43 37 44 65 47 43 43 53 61 51 50 58 10 38 48 56 65 55 48 51 32 43 27 63 44 59 40 60 53 61 52 52 46 61 68 74 66 53 39 57 62 55 83 51 50 49 38 72 52 50 54 34 68 56 37 23 56 86 32 39 59 33 64 59 66 63 68 58 57 50 62 40 46 61 14 63 45 26 41 52 32 70 46 58 41 77 53 42 35 48 59 33 47 50 58 25 74 83 28 42 44 55 70 62 58 25 58 34 
30 83 51 32 52 44 47 65 9 15 29 65 51 65 47 61 60 34 51 63 22 69 56 38 50 46 51 21 66 45 83 38 32 68 65 48 35 50 42 46 57 10 42 55 58 44 36 47 69 23 32 52 19 35 21 48 63 50 52 47 37 52 56 57 35 37 62 64 49 46 58 26 65 48 64 56 52 29 33 51 47 59 34 71 43 62 42 64 45 47 79 74 50 35 53 67 62 50 45 52 43 42 36 54 41 57 64 69 63 50 52 33 44 59 51 39 45 46 63 56 60 59 66 46 57 69 53 62 52 59 38 55 67 69 53 45 51 63 34 53 54 53 44 49 57 53 46 39 49 90 64 37 51 38 49 54 54 51 59 44 38 72 67 42 40 62 46 65 36 37 44 34 51 45 39 62 48 63 63 42 34 50 52 39 57 28 68 29 65 69 33 48 49 51 71 48 58 21 39 57 
54 56 39 49 40 53 56 61 43 29 40 75 38 59 41 54 48 39 53 69 57 86 65 55 67 45 45 29 49 26 62 45 59 66 72 40 16 64 67 39 51 26 52 38 48 39 36 48 61 46 32 42 50 32 48 51 58 52 37 47 43 49 54 13 37 34 58 60 38 52 60 55 48 47 71 51 72 41 37 41 24 38 28 69 41 53 47 75 58 62 61 57 67 41 48 66 52 60 40 41 42 48 40 49 31 57 58 54 61 71 51 49 35 49 49 41 23 61 55 49 52 73 44 68 43 51 25 60 63 34 41 51 63 54 71 53 59 50 59 76 74 56 31 57 65 65 39 41 53 100 55 38 42 32 52 47 49 46 66 33 40 69 64 44 59 49 37 73 43 38 52 47 37 72 52 29 46 44 64 37 46 45 33 35 61 44 67 18 56 50 38 49 52 54 58 38 41 35 27 37 
28 77 53 32 48 54 49 53 56 41 40 67 61 63 41 39 50 30 51 68 41 76 51 48 57 37 64 26 30 61 64 52 48 97 49 58 33 46 44 47 67 20 57 45 56 45 48 67 54 68 54 48 52 30 36 48 47 46 80 72 47 58 43 44 26 43 52 51 36 40 38 53 52 31 85 25 48 79 29 20 31 45 40 67 61 56 67 73 55 36 61 55 42 65 46 61 61 51 29 61 53 43 47 74 31 46 49 70 67 50 44 68 51 53 40 42 30 49 53 63 61 80 61 29 57 61 36 57 55 34 42 42 40 70 54 54 43 38 31 68 53 58 44 43 63 47 56 47 58 78 41 46 54 54 50 38 61 49 46 50 43 53 60 46 57 47 19 57 61 38 30 46 51 81 34 62 56 65 52 40 23 46 61 33 49 50 63 45 62 62 20 57 35 52 59 44 47 35 45 39 
36 69 58 26 77 60 52 56 45 53 37 55 43 45 39 53 65 26 53 76 63 65 56 34 57 46 52 27 50 55 69 51 55 53 53 62 38 40 50 46 57 38 48 54 61 62 54 44 51 43 23 37 52 32 26 37 56 65 56 51 27 53 48 46 32 24 73 63 37 16 55 37 55 51 79 46 43 50 32 43 3 46 52 60 51 55 58 78 56 46 86 42 50 55 39 51 59 32 38 33 44 34 33 47 30 32 60 65 54 56 60 50 26 39 45 56 52 54 57 62 42 84 59 53 54 82 34 73 65 59 37 56 86 66 74 65 68 58 53 57 50 36 44 48 68 64 44 51 48 97 53 38 68 47 65 62 52 35 66 42 26 49 64 42 65 58 29 61 29 47 45 42 51 83 44 52 29 59 65 29 54 49 39 52 51 52 92 37 63 64 21 58 60 35 79 54 40 48 25 36 
30 87 43 35 56 66 44 54 41 21 45 70 40 64 52 63 56 22 48 66 51 50 34 41 25 55 50 28 47 48 56 70 47 50 43 60 28 54 47 42 61 39 66 47 65 47 60 38 63 40 34 34 57 17 31 53 53 61 60 51 29 57 71 52 56 42 45 60 49 44 54 42 47 39 79 51 63 57 22 49 43 50 49 45 53 44 63 64 53 50 85 35 76 50 51 69 51 42 32 68 40 44 56 49 27 61 61 44 77 57 73 44 44 60 44 50 27 34 52 56 52 74 48 57 41 57 50 67 68 40 41 61 60 57 68 55 60 54 34 67 48 65 52 51 60 50 37 44 54 77 58 66 58 58 60 45 59 59 67 40 30 70 67 28 41 55 39 82 31 41 52 49 67 69 43 59 50 71 76 49 38 53 53 41 63 35 76 65 79 53 34 48 51 47 43 37 60 34 49 29 
45 56 52 37 64 42 50 51 54 29 47 69 55 41 57 35 50 27 44 64 38 65 75 57 33 59 56 42 47 74 74 53 32 54 36 55 37 63 51 36 54 41 48 53 53 36 63 49 56 46 60 48 57 26 41 55 51 61 50 32 48 56 68 46 34 31 73 51 41 31 59 43 59 49 73 45 65 54 42 40 30 69 36 61 47 54 51 66 67 52 72 52 48 39 45 63 49 45 58 63 58 54 57 59 28 48 39 56 62 58 44 56 14 69 59 66 29 56 47 56 58 71 51 57 45 75 47 83 52 60 28 51 57 52 43 66 54 53 44 76 27 54 54 70 74 57 5 34 53 85 49 45 45 41 50 49 55 37 57 32 33 60 52 35 57 65 18 56 34 61 39 62 44 67 17 44 50 79 60 46 38 50 53 30 66 27 74 44 70 64 36 57 49 43 51 29 48 39 46 51 
38 71 76 33 34 40 24 26 21 46 46 72 52 69 42 58 56 43 60 58 35 63 62 55 68 37 46 26 52 44 57 63 54 41 57 65 43 49 42 50 66 35 59 51 43 63 39 39 58 38 24 23 53 37 29 46 47 59 43 24 34 45 49 53 33 51 68 31 46 26 60 48 38 25 74 32 44 49 23 31 24 64 50 54 51 41 36 78 60 51 79 60 56 24 50 68 49 42 29 46 49 46 61 69 55 55 42 64 66 55 67 46 35 47 56 64 40 42 68 58 60 76 42 49 28 71 55 59 62 43 45 57 55 58 63 75 74 48 57 61 48 53 25 46 74 47 32 52 71 50 40 35 74 38 57 49 55 52 60 44 42 63 61 55 56 57 37 74 43 45 44 62 56 73 39 59 46 81 60 42 39 52 39 26 46 40 66 31 38 49 38 64 54 51 58 40 67 31 40 55 
26 64 58 18 55 59 45 32 35 31 41 76 41 39 32 55 65 32 64 52 48 64 55 46 52 46 50 18 40 54 67 61 25 50 64 48 33 59 52 44 48 31 53 46 33 53 44 51 62 39 34 36 59 38 30 54 35 56 53 47 15 49 66 44 47 35 52 44 50 64 67 56 53 37 67 46 65 40 44 48 32 52 57 53 35 38 56 57 68 43 81 70 53 43 47 63 42 73 39 63 49 40 50 42 48 61 48 48 54 44 70 31 42 57 44 50 37 53 72 58 69 76 53 50 53 67 51 68 67 56 59 37 62 89 61 53 46 64 41 62 43 41 49 41 65 49 45 47 49 81 46 34 45 61 69 54 45 45 41 48 40 62 75 44 57 49 39 68 19 57 54 49 53 52 41 59 30 84 56 39 42 58 26 54 56 35 77 46 73 40 56 59 47 62 66 46 25 37 36 45 
43 57 68 47 57 63 38 69 36 23 43 81 42 37 66 56 52 31 62 56 39 78 58 60 46 69 40 29 47 51 69 46 43 58 60 61 40 36 55 43 53 16 60 37 44 50 48 33 51 37 58 44 49 36 56 47 62 53 47 42 36 39 54 58 41 36 55 65 38 28 49 40 56 59 59 46 70 61 31 49 21 44 40 55 46 45 52 63 35 35 67 52 56 28 54 69 39 55 41 59 50 50 42 68 37 53 64 42 56 42 62 44 16 40 43 64 39 52 43 57 77 80 52 53 57 62 58 75 82 31 32 52 51 55 53 50 56 39 33 80 37 51 51 69 67 58 39 36 50 96 57 50 70 47 27 65 57 43 35 34 49 52 47 41 51 61 20 63 27 39 50 38 58 62 29 59 46 68 51 53 39 70 39 52 65 40 56 31 71 53 14 51 56 62 56 30 44 21 43 47 
40 55 45 41 39 46 58 45 51 20 49 73 27 45 53 58 39 28 58 74 54 56 75 52 50 65 63 39 45 47 59 54 47 72 62 43 24 51 46 43 61 37 53 55 32 50 41 55 60 51 35 46 50 25 63 55 68 60 52 50 16 65 32 40 34 43 61 50 32 42 54 31 53 51 75 45 56 58 37 57 41 32 68 54 66 48 59 65 57 40 87 30 70 64 56 67 53 61 46 48 50 44 38 65 36 34 38 64 63 80 60 38 34 53 36 37 32 51 58 57 64 70 61 31 38 67 46 53 68 52 36 43 66 52 51 44 60 38 27 66 59 61 54 69 84 46 30 24 35 78 49 39 43 51 40 61 47 68 64 45 46 59 56 49 39 67 34 61 56 53 62 62 48 74 26 54 45 65 60 36 35 57 37 39 55 35 66 28 68 61 43 65 55 33 72 35 41 18 39 50 
20 76 79 22 61 68 40 53 27 27 69 68 26 61 52 75 39 49 53 56 46 75 65 45 55 55 68 28 49 55 53 66 43 63 55 59 29 48 44 40 67 27 41 48 39 37 43 36 45 44 47 22 59 35 47 57 69 56 72 47 24 58 56 45 33 28 47 58 52 58 49 50 48 57 68 54 51 45 36 59 16 45 32 43 40 54 52 65 55 58 70 51 48 37 39 63 51 49 36 60 74 54 45 55 33 57 39 63 61 58 50 38 22 35 31 66 37 54 56 62 35 66 56 55 42 52 44 69 58 51 46 53 54 60 64 78 55 48 50 45 41 51 73 35 72 56 34 40 51 82 47 35 48 48 57 69 39 44 54 51 30 51 60 40 49 68 37 54 45 50 41 59 51 66 30 60 49 75 62 36 41 58 38 27 45 49 75 36 62 38 28 62 49 47 67 48 43 38 43 53 
27 62 59 39 51 68 38 61 41 32 53 73 43 50 54 49 55 36 55 72 32 53 53 46 48 55 50 37 54 37 59 39 38 56 67 31 25 47 40 41 48 38 49 42 64 47 37 47 59 38 29 46 42 34 52 60 48 68 56 35 21 52 57 48 47 60 57 58 53 39 54 39 39 53 43 50 45 54 32 25 40 53 43 52 47 56 58 60 55 38 70 58 43 39 37 65 61 33 33 49 53 48 30 56 27 42 48 55 58 60 53 32 37 37 44 61 42 63 50 68 58 60 59 58 31 68 51 87 61 40 37 53 40 83 63 56 51 52 50 64 43 43 59 47 75 67 31 45 53 64 50 44 53 23 46 65 54 70 62 54 16 68 61 48 73 49 51 51 36 44 47 58 28 66 30 63 46 66 57 21 37 57 42 29 46 43 58 44 54 56 25 47 31 36 55 44 60 38 39 50 
34 77 44 43 44 64 55 63 39 20 46 83 43 48 52 47 34 34 70 64 46 68 57 45 45 63 47 31 43 55 49 52 45 67 50 47 35 46 33 37 55 40 72 50 48 42 44 37 54 49 30 42 47 41 42 57 76 90 42 62 25 50 79 43 33 42 53 67 53 50 50 51 48 20 71 53 61 61 27 41 39 53 40 68 49 44 60 45 58 37 67 57 39 46 51 68 41 54 29 63 51 32 59 58 28 53 60 47 66 39 53 47 34 44 40 31 45 49 56 78 60 76 58 37 31 62 46 61 42 40 35 55 44 60 73 49 69 27 55 50 47 44 65 53 72 60 46 25 60 84 43 43 55 50 62 41 55 47 51 34 50 57 63 43 56 63 33 82 38 49 55 55 64 74 45 58 40 82 62 26 41 49 41 30 46 31 70 23 73 67 10 52 56 41 49 59 33 46 63 49 
37 83 60 25 55 56 66 55 44 23 37 87 42 48 49 52 48 37 74 68 50 67 59 44 61 62 51 12 54 58 82 49 48 57 60 46 45 60 40 43 50 27 53 48 27 40 50 47 58 48 32 47 47 28 44 67 59 82 65 47 46 47 55 64 35 40 71 50 45 41 61 57 36 62 61 53 59 51 22 41 43 53 27 52 33 51 54 63 65 43 91 57 47 37 39 72 36 48 40 37 51 55 48 59 29 48 41 45 65 59 31 59 40 72 45 44 39 56 36 59 48 57 46 47 44 69 35 65 50 39 53 51 74 51 62 43 68 60 27 66 45 59 46 59 64 58 20 37 51 92 32 28 44 42 49 48 62 49 52 35 46 48 51 62 61 71 33 72 60 46 40 37 50 58 24 45 35 61 49 45 61 50 65 43 39 20 49 21 52 53 38 57 53 60 52 40 40 36 63 42 
43 69 55 32 47 66 42 53 15 42 40 79 46 64 33 68 59 34 73 64 36 74 64 60 60 46 40 32 46 51 65 60 29 47 61 51 33 53 44 47 66 29 30 51 60 29 43 49 65 36 41 33 49 29 57 37 68 43 27 43 26 53 60 45 53 51 54 80 59 35 65 44 65 62 77 47 50 56 24 52 7 48 54 38 32 46 45 71 57 39 79 50 52 33 39 58 42 67 34 43 41 44 48 46 42 63 35 51 60 59 58 61 21 58 43 55 39 50 42 69 53 67 53 48 44 53 31 52 60 45 39 53 60 51 58 65 60 55 31 52 50 56 56 45 67 54 16 35 81 84 56 33 51 37 45 53 56 44 50 46 43 42 45 49 55 57 36 76 52 40 59 37 50 55 31 38 57 66 36 51 32 64 37 47 45 39 54 34 47 56 33 60 58 57 54 44 45 32 40 33 
22 88 48 37 50 48 25 61 50 27 48 60 34 51 42 39 41 29 61 71 56 65 57 66 43 49 70 28 42 52 75 56 45 70 52 75 40 50 39 50 51 43 63 54 58 21 58 55 44 52 51 43 52 32 46 59 47 54 54 47 42 47 40 51 37 38 61 58 53 45 40 48 51 59 74 45 49 56 26 29 25 72 35 57 53 43 37 65 40 40 73 59 64 33 40 74 53 63 38 40 38 50 55 63 60 54 55 60 58 44 60 49 29 47 44 42 32 52 51 60 56 76 49 57 44 50 25 66 56 36 41 42 59 60 61 50 69 39 33 83 53 58 33 51 71 38 21 26 71 99 61 26 59 40 50 41 39 57 52 43 38 55 69 33 44 63 36 60 43 57 57 51 43 71 52 46 43 64 54 24 35 56 37 44 55 46 45 26 37 52 35 58 36 46 72 41 62 28 39 50 
36 70 40 47 39 55 51 61 41 20 48 65 44 50 45 59 42 55 54 66 44 69 90 62 55 63 61 36 58 42 73 55 46 57 69 46 44 50 43 57 57 45 48 40 38 48 64 53 64 28 48 27 61 19 38 40 62 61 50 34 56 46 53 56 40 33 58 41 49 52 56 42 54 53 50 64 66 49 23 46 21 47 34 56 77 45 62 80 57 41 60 62 54 32 47 58 41 60 39 48 61 36 64 48 45 57 50 42 63 72 57 41 14 48 30 69 25 47 63 59 58 90 60 25 49 48 54 59 60 45 50 43 58 45 43 56 76 55 23 69 28 35 52 64 76 46 46 47 55 94 55 38 50 58 56 51 59 45 43 35 45 64 65 40 54 69 32 64 30 42 49 42 53 82 44 53 26 47 53 46 41 54 28 43 41 49 67 12 65 35 33 50 38 47 44 50 45 33 48 43 
45 74 65 32 48 58 60 49 37 44 51 74 38 36 57 58 43 46 58 53 47 67 62 44 60 52 73 22 43 55 66 55 32 46 74 43 32 48 47 52 45 48 38 50 61 31 46 53 39 60 54 23 53 42 56 54 48 71 41 47 31 53 47 35 29 26 43 49 47 46 70 47 58 29 75 49 67 49 28 47 27 48 43 52 74 65 48 68 57 42 80 39 59 48 59 73 40 58 27 77 44 46 56 61 49 48 62 53 69 65 61 42 41 50 49 30 32 50 61 70 48 71 29 60 47 60 37 59 51 48 53 62 60 65 61 48 64 50 29 64 44 69 47 63 74 52 41 52 51 92 36 37 55 43 67 48 44 68 37 22 36 65 66 36 55 53 33 66 46 42 40 57 46 69 39 50 53 59 40 51 48 46 39 35 53 36 69 30 66 56 53 22 45 48 56 41 51 35 43 23 
34 59 61 49 60 61 51 59 51 21 28 59 43 38 38 38 47 38 58 70 38 89 50 45 48 57 49 41 18 50 78 60 56 45 62 62 31 43 21 47 57 32 47 39 55 51 62 48 62 44 38 23 35 11 41 44 40 62 55 34 35 40 63 58 54 44 74 70 41 45 50 50 48 45 70 28 52 55 29 35 38 57 38 50 43 53 56 64 57 39 65 60 35 32 66 68 37 53 36 62 54 50 44 52 43 49 35 58 81 70 54 52 20 48 39 39 43 39 43 46 54 53 57 30 35 49 42 69 61 46 47 47 63 59 81 49 56 51 51 51 42 42 46 38 57 58 42 48 59 89 41 36 43 57 60 33 59 52 59 47 28 49 58 36 33 63 41 64 47 50 35 54 55 81 45 36 57 62 53 48 45 62 50 26 80 44 66 33 62 38 45 84 44 54 73 53 59 34 49 31 
497 497 495 501 506 513 505 498 502 496 503 499 489 501 499 490 494 499 502 493 
