20 200
36 66 32 47 57 97 51 67 52 75 49 29 82 40 33 55 53 61 53 57 62 50 56 64 26 57 51 27 47 36 47 54 57 45 57 31 61 54 44 41 36 85 39 68 61 50 25 12 63 57 34 87 74 49 71 31 43 51 62 64 51 65 65 56 77 38 49 54 71 36 47 63 30 52 73 51 52 19 63 70 61 65 72 39 62 74 71 31 52 58 66 15 60 76 68 33 54 63 66 25 52 45 40 82 75 23 53 47 72 49 13 80 29 34 9 57 45 37 94 48 35 54 35 59 55 56 60 63 53 28 33 48 40 45 42 45 35 33 78 55 47 47 40 50 41 56 78 80 19 26 19 40 18 53 14 62 21 58 48 56 65 41 67 61 81 63 66 41 40 66 58 38 53 65 67 1 55 55 57 61 64 62 41 35 59 35 41 50 29 61 27 25 63 70 46 58 19 74 55 32 
36 44 49 43 60 63 51 85 43 70 55 39 39 53 36 37 48 41 45 50 43 54 30 56 44 66 65 25 49 60 33 34 51 58 69 52 80 44 46 45 32 49 82 58 41 74 44 41 30 36 6 42 47 82 71 66 89 78 90 84 64 58 62 25 70 56 73 49 56 30 39 69 34 51 41 48 32 15 55 67 55 41 76 64 29 79 78 48 56 48 59 52 45 58 36 62 42 76 65 37 47 55 31 77 61 16 26 91 44 56 22 54 48 23 41 60 12 36 55 59 56 54 51 44 48 64 42 57 65 44 45 23 44 59 86 58 38 28 39 42 50 61 59 45 60 52 37 64 27 61 33 71 41 58 52 40 24 58 39 53 45 41 59 54 63 42 32 52 53 62 66 42 75 53 54 6 49 36 32 40 62 56 50 62 41 56 49 52 36 40 49 52 59 59 74 66 43 49 56 5 
30 60 27 16 98 80 30 36 35 49 53 12 75 59 55 47 66 37 50 45 60 60 48 61 62 46 67 38 32 77 48 38 69 45 59 60 48 48 49 11 43 100 63 65 41 73 37 17 48 72 29 39 65 53 28 53 61 41 54 40 45 44 45 36 53 37 59 66 60 45 53 34 43 28 73 63 43 37 83 94 50 45 83 35 55 62 65 35 20 29 48 14 55 42 62 44 59 55 52 42 75 46 42 70 58 47 58 61 86 59 26 47 42 34 39 65 53 46 58 49 62 46 30 70 65 64 77 37 46 42 57 17 23 39 44 19 43 45 71 48 49 37 84 65 68 66 49 59 26 56 41 53 44 41 48 54 38 35 69 38 55 61 39 62 62 64 55 55 48 75 55 40 44 43 46 12 68 35 72 44 70 57 40 67 39 39 32 67 18 52 44 52 53 61 55 74 14 39 41 21 
28 62 58 16 57 66 58 43 47 45 36 50 55 79 60 32 82 53 62 29 41 42 82 58 39 48 38 23 72 91 41 44 39 49 75 54 60 62 70 56 41 59 45 50 36 59 12 42 61 52 39 69 46 49 62 26 69 68 58 74 40 54 49 47 56 58 52 59 49 26 60 70 40 50 92 47 64 53 64 68 46 70 62 56 62 50 68 22 48 40 62 46 53 45 58 37 29 67 45 46 46 49 1 59 86 17 66 55 63 42 41 52 27 41 72 79 52 58 73 74 34 69 30 31 48 50 57 23 60 42 37 54 30 26 38 38 36 29 64 54 54 73 35 27 64 42 68 60 18 62 54 45 24 77 37 41 48 56 47 44 29 30 67 35 74 61 24 52 47 51 76 63 40 52 65 16 48 49 65 62 76 55 34 42 30 64 68 73 47 77 24 61 73 45 71 40 59 64 60 42 
52 35 41 25 56 63 55 73 57 40 91 49 55 69 53 49 57 56 43 46 48 73 46 99 28 47 58 36 49 59 52 64 72 52 56 41 49 36 74 55 36 87 78 52 45 79 42 55 54 40 18 90 50 39 59 55 63 47 52 47 59 24 52 37 30 17 70 35 45 59 49 57 32 16 63 42 76 36 65 46 72 65 90 38 53 67 62 41 33 30 41 43 49 63 60 38 25 50 46 12 49 57 28 61 34 52 65 61 76 30 14 54 44 34 52 47 55 51 36 36 44 57 42 39 38 67 63 61 59 36 28 46 22 46 21 64 41 64 59 53 62 26 54 42 55 59 40 49 40 46 18 54 44 52 36 82 52 49 56 19 44 69 48 54 77 43 43 45 51 50 41 53 44 75 34 30 73 58 52 39 53 67 52 23 26 46 43 38 34 44 49 76 76 48 42 63 48 50 42 18 
48 59 42 18 55 57 44 33 39 17 56 20 44 76 41 17 80 43 82 32 40 63 47 52 35 37 58 26 66 52 37 29 47 71 68 58 44 67 50 37 62 58 51 65 54 66 48 52 38 27 17 62 81 62 34 43 45 25 74 74 74 45 49 49 56 39 52 16 82 32 64 30 53 45 82 53 73 39 64 65 53 38 75 51 50 78 55 30 37 53 54 54 50 45 41 49 39 61 87 45 57 39 41 58 89 37 64 67 54 63 12 80 36 36 45 64 44 38 79 34 47 48 68 63 66 54 42 64 80 40 57 49 40 16 29 43 36 26 63 34 59 51 48 45 74 71 31 65 19 63 55 62 52 56 54 57 49 62 62 65 38 40 44 57 43 43 50 46 49 68 29 56 57 55 17 26 52 22 32 44 72 22 45 35 44 60 42 72 25 49 44 43 68 66 62 52 47 55 44 30 
40 40 49 18 48 61 52 68 58 56 78 38 35 77 33 53 27 39 47 64 53 32 54 80 46 64 65 42 28 56 26 65 51 56 71 54 40 49 79 54 20 77 62 71 45 56 34 34 47 34 30 60 74 44 71 37 65 44 77 58 58 59 58 39 66 51 44 29 71 71 66 43 49 46 63 46 48 40 44 45 30 34 71 51 50 57 59 36 40 37 63 30 58 47 32 38 75 66 55 26 82 36 15 58 45 38 62 69 77 58 26 50 4 16 56 54 58 32 67 50 24 48 50 55 54 63 37 84 56 44 80 38 46 34 24 50 35 17 33 39 39 40 23 48 56 43 55 49 34 67 42 54 21 49 35 43 52 53 77 21 41 34 37 50 81 67 43 47 57 72 47 58 43 31 22 24 54 33 60 29 39 39 46 42 39 44 48 69 72 45 51 60 63 45 53 54 40 29 62 17 
54 61 53 28 60 100 66 83 37 46 34 45 48 50 31 40 85 55 59 41 64 63 18 47 57 87 64 1 56 52 28 60 64 71 75 26 45 54 75 46 34 60 39 69 72 59 47 41 67 54 29 72 87 59 42 33 48 55 48 71 37 43 48 52 43 36 55 35 39 51 37 50 41 40 66 48 52 33 45 57 49 85 76 49 24 54 72 65 43 55 54 57 45 34 45 47 47 87 37 55 66 50 34 68 63 36 57 74 59 31 43 69 53 45 30 63 10 38 55 44 44 30 46 73 34 72 64 58 63 19 66 35 50 36 18 52 29 41 30 65 46 88 29 38 68 46 51 70 36 73 60 82 23 68 19 62 44 79 52 31 39 43 52 34 49 34 52 36 64 81 73 33 25 57 35 11 65 39 31 46 40 59 61 15 53 50 50 94 60 23 36 45 55 52 80 64 51 57 56 18 
35 41 50 41 53 78 65 60 46 70 41 1 65 77 56 48 68 35 59 40 27 68 54 65 34 53 25 63 33 47 59 56 27 15 66 51 21 37 68 23 57 62 37 39 43 84 50 65 52 32 46 56 45 40 36 52 62 84 58 46 63 60 49 34 52 64 36 11 51 49 45 56 28 32 54 62 70 18 63 43 62 60 65 51 73 54 78 75 38 85 58 40 44 56 45 50 50 64 50 27 32 56 36 59 48 43 46 63 60 46 45 40 35 40 52 62 45 59 40 72 53 53 42 49 52 83 81 73 86 33 53 33 48 33 31 47 41 55 34 71 57 56 54 47 39 63 48 51 28 50 1 55 30 42 31 73 68 69 48 61 31 49 57 46 75 64 33 41 25 46 46 44 38 67 81 23 71 53 33 45 64 46 47 8 43 54 44 50 34 49 64 50 52 51 51 46 53 62 23 2 
59 64 52 37 62 93 65 47 70 57 25 27 70 51 61 47 58 52 52 20 52 65 81 60 57 65 41 43 64 56 71 44 77 44 76 45 33 65 60 61 59 93 57 62 57 64 58 26 49 43 45 61 57 67 75 12 61 64 35 58 78 48 56 40 51 52 74 39 74 52 51 43 32 84 41 53 40 20 51 45 88 39 83 57 57 32 86 47 60 56 51 63 60 79 60 55 74 73 59 20 35 15 43 48 40 21 61 44 32 48 33 46 36 28 30 46 42 28 50 60 42 54 41 46 57 54 57 74 56 54 13 32 34 28 30 53 47 59 53 46 37 38 47 40 62 50 42 58 35 34 44 48 14 61 47 49 72 36 71 71 43 42 59 65 53 70 59 50 30 52 28 47 71 26 70 34 67 25 67 13 41 51 54 52 43 53 40 64 40 52 25 59 84 69 54 64 63 54 65 18 
34 24 37 22 56 70 59 61 17 40 60 59 36 67 70 29 86 73 53 50 82 44 49 46 31 46 66 40 62 37 45 38 54 71 81 41 60 49 55 45 10 50 58 60 45 52 64 39 44 41 53 82 77 71 55 60 66 36 60 60 79 44 57 47 75 64 79 40 63 28 46 79 58 43 60 34 45 40 75 51 60 26 75 46 43 75 45 49 54 25 44 55 41 55 35 46 60 51 38 44 60 38 28 78 31 31 74 49 56 71 21 74 35 11 33 42 59 61 77 55 54 45 36 48 53 44 74 72 57 43 47 52 12 17 23 56 50 36 47 47 42 42 63 21 71 62 49 66 20 48 22 70 47 57 59 31 31 52 27 59 56 55 73 59 59 60 70 16 45 55 47 46 69 32 32 11 64 23 64 48 86 41 36 44 67 49 48 54 22 39 38 56 54 68 64 49 45 46 27 35 
35 28 43 25 47 82 45 84 45 26 66 28 31 81 45 48 71 37 44 43 52 35 45 66 52 41 36 30 66 52 42 51 54 32 68 24 65 44 78 21 28 56 50 47 33 60 38 30 58 61 47 61 74 36 42 53 78 30 45 37 60 33 88 18 37 65 57 30 70 40 52 61 43 25 44 8 26 30 61 68 41 51 80 46 35 46 45 7 32 53 74 51 26 44 48 49 47 55 69 16 22 75 34 77 49 22 27 47 65 80 27 64 13 35 15 77 46 48 57 55 25 48 45 71 51 46 85 65 36 47 69 39 36 42 65 44 47 59 55 68 49 52 41 45 83 36 30 61 52 61 31 73 43 58 39 48 35 63 42 49 44 63 54 53 39 73 45 46 54 65 54 42 29 23 70 31 58 48 44 38 88 70 43 66 53 25 57 60 38 46 38 50 65 60 57 15 65 43 34 19 
48 39 57 32 51 88 64 42 57 85 43 19 63 62 56 30 47 68 48 69 47 30 57 83 61 40 52 36 72 53 44 36 53 46 36 50 42 59 47 36 53 72 52 52 63 80 28 46 61 60 56 60 81 74 43 37 54 45 59 50 85 41 45 35 53 1 36 50 50 35 68 50 64 44 37 83 67 33 69 33 50 45 69 50 57 52 62 27 43 37 52 50 53 48 70 51 38 73 72 33 61 56 47 69 51 56 43 56 44 70 28 68 26 22 45 31 12 32 54 63 29 53 40 87 42 46 61 37 55 27 55 58 44 29 51 44 59 21 1 53 61 39 51 47 36 44 45 81 67 47 26 63 23 66 40 40 41 27 90 45 29 59 57 68 41 50 69 38 41 37 23 59 66 88 29 10 50 47 48 29 56 56 56 51 57 62 32 58 27 70 57 60 54 42 58 63 20 37 63 21 
20 41 37 32 37 88 67 67 41 32 62 45 67 47 32 36 67 42 62 46 52 52 54 56 67 62 99 30 40 66 41 36 70 37 74 79 58 44 73 21 50 38 63 52 58 55 48 38 49 35 49 72 69 39 59 29 62 53 45 16 68 50 29 72 66 22 57 27 55 41 46 41 40 45 56 69 46 29 62 56 57 43 56 56 33 59 57 35 50 58 68 16 57 42 44 34 50 44 68 64 51 47 43 39 66 35 57 44 49 54 47 49 35 23 46 57 31 43 37 33 35 52 31 72 34 69 76 69 56 39 58 61 52 41 29 44 39 52 73 78 39 69 47 33 57 68 38 61 42 59 46 63 51 68 38 46 69 38 60 37 51 64 49 55 62 58 44 38 58 33 68 51 68 63 70 32 82 53 58 13 63 77 28 21 50 41 33 62 33 54 35 43 51 34 69 38 48 49 47 20 
30 41 67 20 64 64 58 57 40 57 52 36 66 42 56 60 53 37 52 33 36 71 70 73 19 54 39 27 66 37 61 58 33 44 60 43 28 55 79 30 91 74 37 41 52 65 48 62 55 37 44 72 53 58 72 53 54 54 80 56 63 81 38 39 65 18 54 30 64 64 83 65 40 36 53 55 97 33 72 54 51 47 49 51 26 42 55 56 41 48 43 42 67 21 44 43 35 61 37 47 84 83 52 53 64 31 71 53 40 70 39 68 42 28 42 51 47 36 64 40 38 46 47 62 61 70 70 43 48 45 67 36 25 37 2 36 28 49 63 46 62 37 47 48 51 49 47 60 29 45 26 46 20 63 54 60 26 59 53 64 28 36 73 50 55 63 44 40 36 48 65 52 50 31 60 46 59 58 54 16 71 66 48 31 46 38 55 57 39 41 29 50 53 69 44 87 55 48 48 14 
53 43 50 42 64 59 42 48 66 50 39 19 77 40 59 67 49 37 57 32 22 78 60 40 41 38 19 24 54 49 41 64 50 22 60 63 55 84 63 6 56 62 41 42 52 54 50 46 50 47 72 55 66 60 62 48 69 49 50 73 72 56 64 44 69 13 45 31 44 41 42 57 49 55 98 26 60 24 86 63 57 36 70 51 55 52 28 50 36 50 46 39 40 50 35 49 47 59 61 48 29 60 14 80 61 45 55 61 54 34 36 56 48 30 62 58 67 32 63 68 53 65 40 64 59 68 78 62 73 41 58 50 50 23 31 55 57 15 66 55 35 70 65 29 53 73 66 48 37 56 47 79 39 77 54 29 64 67 48 59 48 66 59 58 77 61 29 36 32 54 32 51 48 53 55 36 57 37 8 44 60 47 50 68 26 47 24 77 57 44 49 65 79 78 74 75 59 55 59 35 
38 59 68 50 60 56 31 61 33 48 78 25 76 54 48 9 65 46 28 62 26 51 40 56 60 67 63 40 26 75 61 52 40 31 92 53 35 47 75 31 52 64 57 62 50 48 37 46 20 71 30 54 64 42 65 35 43 49 48 40 73 47 48 48 63 29 36 21 56 61 68 54 69 19 54 63 48 24 60 40 77 58 43 68 30 74 63 28 60 53 55 49 19 79 51 44 49 61 64 51 76 67 27 74 65 44 49 71 42 68 24 92 40 19 44 41 42 49 48 53 39 61 43 59 69 71 83 42 89 21 39 54 84 27 46 97 46 56 51 45 50 75 55 24 71 47 77 82 46 54 44 70 45 66 41 77 24 53 59 57 59 49 76 49 75 62 55 61 66 41 77 48 74 55 37 12 58 64 49 39 80 57 37 53 44 36 16 100 67 51 39 54 69 35 50 68 64 47 60 21 
30 52 67 36 66 94 33 50 54 50 71 64 62 32 67 44 54 38 52 45 26 39 61 85 39 27 56 38 73 35 73 20 65 24 48 74 74 49 48 28 37 58 62 57 64 64 34 31 56 74 28 72 70 45 53 36 67 35 59 46 49 36 72 79 38 8 65 23 64 61 27 76 59 37 37 35 47 26 68 68 45 41 73 48 72 58 68 33 43 69 97 26 45 57 49 69 48 43 89 12 56 50 40 41 37 24 43 88 64 62 34 92 42 23 63 65 46 56 52 59 55 36 38 45 48 52 49 87 47 44 44 62 70 27 57 60 47 38 61 55 36 77 64 71 62 46 41 61 53 56 33 74 36 76 11 45 48 49 38 35 51 72 71 43 39 53 70 41 31 61 32 42 54 76 42 21 76 60 68 28 49 56 31 54 36 66 41 66 32 43 32 35 57 26 63 59 60 60 55 45 
47 71 41 38 34 59 41 77 44 43 51 2 79 79 78 50 45 40 65 27 47 59 59 76 49 95 50 25 51 46 19 45 46 33 71 60 52 40 65 23 48 71 42 33 58 78 33 50 38 22 28 72 59 70 48 51 68 50 55 58 57 53 47 48 64 25 54 17 41 51 42 71 30 38 51 77 49 32 75 65 45 33 71 43 34 45 48 39 47 55 66 28 59 50 51 44 7 60 64 15 66 58 2 81 40 42 45 96 54 36 40 64 25 29 34 44 52 47 71 47 47 59 59 73 49 55 66 61 11 41 61 35 35 52 31 66 60 23 46 70 40 59 59 45 88 44 81 66 41 35 33 39 33 61 36 62 56 46 45 45 76 35 54 20 90 56 17 39 43 49 15 46 48 64 32 51 34 72 48 30 82 38 20 57 47 39 44 73 33 57 43 39 54 43 65 49 47 55 63 1 
39 47 64 38 70 100 71 44 50 33 57 45 85 73 46 48 54 45 55 45 13 49 38 64 49 66 52 14 47 53 48 20 53 37 67 56 40 60 80 37 58 49 60 52 63 80 46 67 29 52 47 37 78 50 43 24 51 63 70 50 67 48 62 60 54 38 75 25 47 21 63 58 40 51 66 65 65 40 66 54 51 47 70 40 35 40 64 47 54 60 53 36 57 77 31 30 76 54 46 40 27 31 32 73 68 15 57 99 51 58 20 61 18 23 38 45 44 40 49 75 59 56 59 39 53 74 35 36 73 69 57 52 55 29 50 50 41 39 63 70 49 65 44 54 61 27 38 68 17 42 52 59 28 62 29 15 47 32 68 41 64 36 63 49 55 31 42 18 68 49 33 53 45 47 44 27 33 21 44 48 74 62 70 67 19 35 37 63 51 45 49 34 42 70 61 72 35 48 61 29 
62 26 71 62 28 14 41 34 46 48 54 84 39 51 71 56 44 45 47 44 54 47 57 45 63 44 40 72 50 55 60 59 38 56 45 55 52 50 35 70 55 20 60 48 52 39 69 63 42 52 77 34 34 40 37 57 58 46 37 47 43 44 38 45 33 69 50 47 33 70 63 35 73 61 39 50 49 81 41 31 40 47 31 60 43 40 41 67 50 43 28 72 35 46 33 63 50 42 30 70 56 56 59 34 43 77 49 48 40 27 89 30 86 68 68 54 64 57 26 68 57 45 66 41 50 45 36 54 35 58 52 55 61 58 44 50 63 62 33 41 49 43 62 50 57 43 31 27 75 58 80 63 75 32 87 48 65 36 41 38 52 56 41 51 29 44 54 65 55 42 42 50 58 50 34 99 42 58 43 45 44 47 60 67 42 62 64 38 82 50 71 66 37 39 51 45 56 31 47 75 
68 46 46 66 39 22 55 26 64 39 46 55 57 40 55 51 52 55 50 52 56 54 44 38 51 26 37 74 61 53 55 72 42 35 38 40 34 52 41 64 47 43 35 47 58 27 63 66 63 47 87 61 46 37 34 46 32 31 28 47 34 55 57 65 50 58 31 48 36 68 55 43 71 63 46 48 63 78 48 44 46 60 23 53 54 35 28 46 48 45 30 54 54 38 63 55 61 18 33 58 52 46 54 44 41 64 63 14 51 54 67 43 56 69 46 40 68 62 44 48 41 36 50 52 46 43 51 61 30 64 53 63 57 53 47 39 62 73 47 65 63 40 38 50 49 41 49 38 70 45 68 27 76 41 51 62 58 39 62 40 58 63 32 50 45 63 65 46 62 39 42 59 38 52 53 76 49 62 51 68 39 45 53 47 76 59 45 37 67 73 63 50 44 41 50 47 50 52 47 93 
63 48 69 68 8 17 62 48 69 50 43 88 27 53 48 55 20 55 66 59 49 40 56 30 56 51 36 63 67 29 50 48 45 50 44 39 69 58 48 68 55 15 50 43 50 27 55 76 54 35 71 45 32 47 56 47 44 48 48 56 45 52 56 60 48 71 44 42 37 47 63 57 64 63 44 49 54 58 19 29 49 42 31 56 41 38 38 66 72 64 48 70 40 51 46 56 45 49 41 68 44 56 64 31 55 49 50 51 34 45 70 45 65 74 62 33 44 53 57 52 47 46 56 42 45 25 14 52 32 59 51 68 67 59 54 70 62 49 43 35 53 60 39 48 51 38 57 41 74 39 66 42 56 48 56 55 53 51 40 61 35 58 50 36 28 44 46 62 68 36 58 61 57 63 59 89 37 67 45 61 28 43 60 47 52 49 63 27 63 55 62 47 53 51 46 33 75 50 57 74 
71 53 50 71 49 36 50 56 39 55 65 57 40 30 44 57 19 59 42 60 62 63 23 43 65 41 50 81 44 24 61 53 55 49 30 52 54 57 33 60 60 47 57 50 47 36 59 59 52 50 74 44 42 34 43 64 22 32 42 41 56 48 52 53 43 63 46 63 39 65 42 51 69 53 10 40 36 50 36 33 47 36 34 47 43 52 35 73 55 64 33 60 48 46 52 75 67 41 44 54 50 44 83 34 29 80 46 42 43 44 66 49 63 52 58 31 59 47 40 31 70 32 70 67 48 43 38 60 39 61 54 52 66 64 52 61 67 60 40 35 41 40 66 53 42 51 44 36 69 43 51 53 71 36 81 49 59 45 62 59 56 52 34 46 34 50 71 38 49 44 30 47 46 54 46 91 45 56 35 49 35 56 64 47 65 50 46 35 63 35 67 41 36 48 30 44 56 45 47 59 
54 49 57 74 40 37 47 23 44 53 26 59 44 37 48 49 38 43 59 63 55 43 55 27 60 54 41 68 61 48 55 57 46 49 45 43 57 62 33 51 61 18 41 48 51 35 55 46 56 49 73 28 38 53 48 46 50 55 41 42 33 70 57 59 58 78 46 61 49 61 54 56 69 80 39 49 47 63 40 44 38 40 34 63 54 43 37 56 58 63 52 68 60 37 40 54 72 51 49 66 47 51 74 37 69 61 50 50 37 68 71 51 59 72 70 42 58 54 53 48 57 43 59 63 49 37 49 59 53 51 54 55 79 71 76 46 61 56 36 40 32 68 55 49 56 51 51 52 75 47 65 52 48 52 55 31 41 48 44 58 47 41 42 40 29 51 61 49 58 40 53 48 59 44 67 72 41 50 45 76 48 48 56 66 61 51 66 42 66 58 59 45 28 47 50 47 53 49 65 83 
53 29 60 76 49 37 47 54 62 65 60 67 47 27 49 67 21 56 29 59 61 45 30 42 64 61 44 55 30 62 61 70 54 42 40 49 70 46 46 61 39 30 56 38 49 47 62 53 54 54 76 47 22 46 55 63 46 60 32 27 30 53 57 47 61 81 42 78 28 65 37 66 52 62 31 42 38 66 39 44 45 52 32 53 61 35 49 64 58 44 39 53 51 66 52 49 62 41 28 63 56 63 68 37 36 60 34 42 53 44 86 29 65 65 60 45 53 62 31 59 58 59 42 48 42 42 42 36 34 67 45 49 68 82 65 59 55 66 45 49 54 52 61 58 30 42 69 37 58 37 48 64 62 36 54 47 41 27 35 30 65 50 46 43 55 58 60 60 56 36 56 54 49 53 53 76 41 67 70 65 50 76 65 72 55 41 61 25 80 57 47 49 44 54 49 49 55 41 59 79 
58 49 50 73 43 39 58 30 42 52 26 72 60 24 56 44 57 54 67 47 56 61 60 21 51 31 36 61 58 48 76 49 41 56 35 50 49 50 50 54 76 32 50 45 55 45 60 63 54 56 56 37 38 58 30 69 51 61 34 34 43 47 38 52 24 66 37 64 37 39 48 49 56 63 41 54 43 60 49 39 64 53 39 47 44 45 44 56 61 67 48 71 50 45 59 56 30 35 33 67 37 65 81 56 49 64 42 26 27 43 77 47 86 74 51 45 45 72 44 38 81 51 53 43 43 46 57 18 54 66 37 58 67 67 68 53 64 61 54 48 62 58 61 47 45 68 63 56 72 48 65 44 70 52 69 54 51 43 34 62 43 52 52 47 26 49 51 52 49 28 47 46 50 53 74 90 54 56 41 61 57 61 56 65 53 50 57 34 50 58 59 43 32 47 54 39 63 59 42 82 
44 33 56 87 48 7 33 25 67 53 53 73 50 33 66 66 28 45 51 53 54 44 64 38 47 20 45 85 55 48 63 39 39 49 37 69 56 54 39 52 52 39 58 32 46 39 59 50 46 53 66 35 24 35 57 64 40 50 57 45 52 58 43 61 52 63 39 82 47 50 59 50 44 55 31 47 49 61 35 53 47 42 44 53 55 43 37 49 63 52 40 54 50 63 50 46 59 17 44 52 33 51 63 45 46 65 51 41 41 62 75 30 58 68 65 32 65 57 61 49 62 65 53 49 69 35 52 57 37 81 35 66 57 78 68 54 50 51 59 48 54 34 72 58 44 55 45 37 54 31 50 31 73 56 65 43 57 33 51 58 62 56 44 62 40 61 47 47 42 18 47 57 73 39 68 93 53 56 63 56 58 42 55 82 57 59 61 22 56 73 53 60 48 44 32 45 39 46 53 95 
64 46 62 62 51 25 43 30 47 35 56 77 34 36 53 44 46 53 45 53 64 40 48 46 55 63 68 44 54 59 52 57 53 71 35 61 68 52 21 74 45 28 69 51 47 32 61 48 55 61 50 47 38 58 47 44 34 27 36 47 36 61 52 57 44 51 50 85 37 61 50 50 71 59 47 41 48 86 37 44 37 42 33 50 41 46 34 44 58 49 43 64 58 40 67 56 35 27 42 62 60 38 81 39 53 55 39 37 35 53 66 47 57 67 64 32 56 40 40 51 60 44 56 49 55 27 32 46 30 68 41 65 65 68 67 58 50 60 57 35 56 50 58 40 61 36 53 32 74 49 78 40 72 49 85 37 60 37 49 38 65 52 32 43 18 48 65 60 62 55 57 47 59 45 47 74 38 43 58 69 41 47 49 77 57 48 51 44 70 57 43 48 41 51 46 44 55 32 65 90 
56 33 38 70 45 27 46 53 42 48 65 73 31 47 35 57 43 45 58 69 39 48 53 40 58 44 56 59 34 45 30 52 44 66 33 58 63 38 41 63 52 17 52 44 48 47 64 60 55 68 60 32 29 34 44 79 48 48 65 45 37 43 43 46 60 56 32 63 42 61 44 50 66 40 61 56 47 78 54 48 35 52 19 53 46 62 15 52 45 57 51 48 44 35 47 55 28 40 42 63 64 67 53 54 38 74 41 46 50 45 75 37 63 75 71 41 47 73 51 41 63 36 43 51 32 41 47 41 56 66 74 64 59 72 57 49 58 42 51 61 65 63 60 60 41 56 56 37 66 58 66 48 65 47 49 56 35 57 27 47 50 46 39 24 47 25 46 52 52 54 42 52 29 65 37 75 39 52 37 80 41 52 51 49 57 45 61 36 70 49 71 37 28 48 33 34 41 55 38 85 
67 58 50 76 43 35 54 34 68 50 41 67 47 31 35 61 25 42 48 59 33 50 33 51 70 42 37 55 56 57 52 64 52 51 24 54 49 56 40 72 77 49 53 48 56 36 53 62 53 56 55 24 32 36 51 48 56 59 43 47 45 56 44 52 41 32 28 55 44 52 51 32 43 62 45 59 50 72 27 58 44 63 29 43 58 33 46 52 56 58 48 58 52 44 62 51 50 51 56 61 35 59 70 32 70 73 36 42 41 39 73 32 66 82 77 45 40 57 20 43 51 34 59 55 48 55 42 35 44 49 55 45 72 84 62 43 55 58 48 48 59 52 50 67 33 44 45 31 83 43 62 42 64 31 61 63 61 45 65 56 45 40 37 57 40 38 35 70 49 55 47 50 41 63 69 87 51 66 56 54 28 59 55 61 27 55 75 39 73 63 68 45 52 37 41 39 55 45 70 67 
63 52 52 80 47 25 58 15 52 75 46 66 58 26 44 55 31 58 63 49 63 56 50 38 52 55 43 68 43 51 55 50 47 63 40 61 53 50 34 70 55 36 51 34 53 38 63 71 57 36 66 33 22 58 54 48 47 74 56 62 28 65 21 63 53 48 48 70 34 61 45 43 49 76 42 66 61 79 40 31 58 50 15 53 58 55 65 72 69 48 34 58 63 47 53 49 48 45 54 71 61 35 64 41 47 77 54 48 38 17 65 40 74 58 62 33 36 55 44 49 51 46 47 47 45 37 26 40 69 49 52 62 72 65 39 50 47 48 42 35 52 49 46 50 46 51 65 42 54 42 73 42 55 43 68 51 51 28 50 47 57 47 44 64 49 37 47 53 47 41 51 53 63 63 59 83 48 46 58 68 30 39 60 42 44 51 48 36 81 60 50 38 42 50 62 62 36 55 69 85 
44 41 35 69 39 22 39 49 40 27 56 81 34 37 49 60 42 33 53 44 68 55 60 14 56 38 37 64 35 45 55 58 41 46 56 57 59 49 60 69 52 29 61 45 45 26 62 55 42 42 63 41 25 43 48 49 41 60 42 47 22 50 56 54 48 90 65 62 39 53 54 41 44 57 58 43 42 63 41 50 51 55 30 61 43 43 39 76 66 57 47 53 50 43 49 53 51 33 29 67 37 51 57 27 50 54 33 36 48 41 70 26 89 87 57 55 62 57 47 40 61 33 57 16 52 52 40 58 52 64 47 56 50 72 62 54 41 62 80 45 44 63 50 42 50 48 57 35 49 43 73 42 76 42 61 51 60 60 17 59 59 32 47 54 53 40 40 60 51 49 62 39 57 24 69 91 53 49 65 67 49 51 58 46 37 40 60 43 72 32 52 46 35 55 45 45 68 52 50 76 
65 59 64 71 53 17 35 35 70 64 42 60 34 48 72 58 29 51 51 48 53 43 33 45 50 43 20 70 72 37 54 69 38 60 17 35 51 55 32 79 51 45 50 55 32 41 59 61 58 61 63 23 32 51 41 53 36 50 65 60 44 70 58 31 43 73 42 70 44 59 50 59 64 66 33 41 46 62 44 47 48 57 48 53 64 49 49 66 59 39 33 65 54 48 51 51 46 54 36 52 58 40 54 50 47 64 42 47 58 47 74 49 66 70 54 47 64 58 64 59 70 39 71 29 58 39 33 38 46 55 51 42 55 63 71 54 66 51 48 39 60 32 49 61 42 39 63 31 57 33 59 42 68 34 65 60 53 44 46 61 49 46 51 37 31 46 49 59 42 60 40 50 45 57 33 71 20 53 49 74 24 31 73 64 57 52 66 35 78 49 67 44 44 67 43 63 61 48 63 75 
62 52 47 81 44 34 54 43 65 54 47 68 32 48 40 53 48 51 50 66 70 39 36 36 63 56 62 58 51 56 52 50 68 45 41 62 74 51 14 69 18 34 54 63 41 37 49 37 42 56 57 36 41 35 42 55 46 45 19 36 39 35 64 62 47 83 47 65 44 48 33 33 61 61 52 61 28 78 50 54 40 58 39 51 60 58 37 44 45 47 58 59 42 64 59 48 53 31 55 55 40 26 63 40 43 64 39 49 54 36 68 32 70 73 67 42 51 57 46 48 59 38 62 49 49 40 23 56 55 46 34 76 69 60 78 52 61 49 37 55 49 57 56 55 49 47 46 34 72 65 58 52 73 34 58 48 72 46 54 44 58 57 28 48 45 39 59 60 62 47 50 50 52 67 40 64 54 44 48 85 39 44 58 64 51 62 50 39 58 70 81 48 40 39 44 24 51 69 53 79 
62 49 51 69 39 49 58 53 53 44 44 76 26 49 39 39 52 43 55 53 76 42 36 46 63 64 55 73 43 58 62 47 45 59 45 39 48 41 38 79 40 44 69 63 41 37 50 58 56 59 43 37 27 41 53 59 37 48 41 32 29 47 39 66 43 73 56 63 59 58 46 42 68 61 17 67 48 50 33 43 49 66 28 54 43 50 62 48 57 52 42 59 47 48 66 47 63 40 40 46 52 41 60 29 37 68 43 56 40 49 73 45 58 77 62 43 49 77 35 35 52 43 53 33 37 31 26 51 29 58 34 57 52 73 59 40 52 74 24 47 60 41 43 67 51 48 35 37 68 42 60 29 76 35 57 65 52 33 41 49 53 44 41 56 24 48 53 57 60 47 54 42 46 52 46 66 42 67 62 58 42 44 56 49 67 47 72 41 53 49 61 54 34 35 33 43 59 52 42 75 
64 42 48 65 42 41 56 42 60 59 47 72 33 52 52 80 31 47 57 39 62 49 68 45 44 56 49 61 67 45 48 53 58 67 23 46 60 56 40 70 42 45 43 45 61 58 48 55 74 54 49 35 36 61 52 64 54 49 31 45 38 49 47 53 52 69 46 81 44 47 45 45 39 66 34 42 50 77 44 58 47 63 57 44 71 38 37 62 46 52 41 58 73 40 45 53 53 48 40 53 32 36 74 43 51 69 59 22 50 36 73 30 69 88 70 49 42 56 53 46 54 30 61 40 42 36 37 53 40 65 54 47 40 64 56 26 57 43 43 56 48 45 54 63 32 54 38 22 68 41 60 46 68 36 64 24 70 41 41 46 49 48 34 51 46 36 52 55 47 55 42 50 47 53 52 84 45 38 50 64 23 47 53 54 62 72 86 16 41 49 57 44 37 57 49 44 29 50 52 83 
57 53 43 67 37 17 55 34 49 39 35 55 52 46 45 63 37 55 63 60 72 54 54 24 60 47 43 55 30 67 34 74 47 74 49 29 46 51 58 76 66 44 59 48 39 38 66 56 53 30 63 40 31 48 36 59 49 51 43 55 41 48 37 42 43 69 39 69 57 55 68 37 57 64 62 61 57 80 43 43 60 67 32 53 43 45 28 59 60 46 19 61 47 44 59 40 49 46 31 75 57 51 58 63 62 78 62 25 30 47 66 30 67 78 49 28 49 51 46 43 53 49 63 53 45 39 52 39 52 70 58 47 40 70 35 45 50 54 43 53 53 39 36 35 35 58 63 40 62 43 69 46 72 39 83 57 62 44 50 52 48 21 41 46 60 44 42 61 65 34 49 70 49 22 70 86 29 53 37 73 59 55 58 60 64 52 50 28 68 64 59 48 44 68 48 44 52 47 45 73 
51 28 50 58 45 30 47 32 48 49 50 100 43 25 30 56 30 54 40 72 53 48 46 39 58 20 50 61 53 59 59 50 51 70 32 54 44 65 34 71 55 25 54 63 36 28 68 51 50 56 74 27 61 35 55 50 26 50 42 35 51 55 60 53 41 65 46 84 34 53 57 46 63 68 56 36 45 62 44 40 57 71 31 64 52 54 35 65 54 37 44 73 42 51 43 46 66 46 33 83 35 52 79 44 52 62 63 31 48 62 62 37 75 69 73 43 53 59 34 54 51 49 48 45 49 37 24 34 57 60 47 69 63 65 52 44 52 63 55 32 61 26 55 61 30 59 32 54 60 57 80 49 61 31 64 43 42 53 57 70 35 51 50 71 13 38 61 51 65 44 66 45 54 47 62 67 54 48 64 68 38 53 89 47 58 62 65 23 58 53 56 53 54 56 37 48 62 42 48 89 
68 50 45 53 39 12 49 42 57 63 39 72 19 27 57 54 41 57 59 61 73 49 43 44 66 44 45 76 56 29 55 68 53 64 26 47 56 49 29 62 50 40 55 45 43 25 51 43 69 65 61 50 33 43 46 58 55 40 29 51 33 55 39 39 51 71 37 76 52 72 52 44 49 60 31 59 37 58 23 47 45 53 25 57 61 55 34 62 57 53 49 66 41 31 54 77 53 43 56 65 55 56 71 43 46 63 44 21 52 58 81 24 78 65 60 56 46 48 44 25 60 38 54 55 45 40 52 48 43 59 46 49 61 71 76 50 59 57 22 32 52 36 58 38 31 64 38 31 82 49 47 43 60 29 76 81 53 56 38 60 53 53 36 44 36 60 56 64 44 41 50 52 60 56 61 87 53 76 52 61 44 33 43 35 76 60 60 33 46 51 50 59 43 39 50 38 64 51 50 78 
507 503 505 498 519 514 516 512 507 500 509 512 501 511 511 499 505 509 513 507 
