20 200
82 77 81 25 40 53 59 78 74 64 53 68 65 60 41 48 46 37 55 37 57 51 69 33 36 59 45 45 45 39 57 58 87 40 46 33 33 37 76 51 79 72 44 81 51 65 57 37 43 29 23 48 45 73 71 70 47 42 65 27 38 39 74 28 45 51 62 34 86 79 51 49 50 52 50 36 36 42 44 69 27 86 55 56 45 37 47 40 59 34 30 42 31 54 59 65 64 54 58 81 7 63 34 46 74 62 57 47 35 65 56 54 52 37 64 51 29 52 43 62 52 50 55 46 46 53 36 63 33 9 71 81 63 66 44 60 65 53 55 80 59 45 40 4 59 46 37 73 52 34 38 32 37 63 54 79 50 41 65 39 33 64 66 42 44 76 45 49 68 68 58 41 83 42 60 1 16 44 52 44 62 81 63 36 27 55 54 59 66 41 42 75 52 80 60 66 48 31 42 43 
65 90 62 22 40 88 38 70 73 60 27 47 18 52 29 39 77 7 32 57 68 76 24 39 36 56 34 44 38 37 31 61 54 59 38 79 47 37 71 43 71 65 42 75 65 42 61 51 21 48 64 29 53 60 79 59 51 41 55 42 17 77 80 76 20 19 47 51 71 55 39 57 25 70 82 84 61 56 43 58 53 63 41 55 14 46 53 48 71 22 66 43 49 32 52 40 71 51 34 58 1 50 67 73 30 63 38 36 53 42 58 38 52 45 73 15 35 34 51 75 41 41 67 65 29 38 31 48 27 29 49 50 52 68 23 60 68 60 25 59 87 50 36 23 48 49 16 75 71 51 42 33 48 21 34 68 47 51 69 55 69 55 50 74 52 52 34 75 62 62 52 85 69 36 66 39 60 63 53 68 33 58 69 27 18 47 39 64 39 60 53 81 50 25 51 75 35 67 26 31 
52 51 56 26 56 56 56 56 48 51 56 56 67 72 68 50 56 45 49 18 63 49 67 28 58 48 25 65 56 57 36 67 76 38 46 45 53 57 80 38 68 76 62 81 64 33 43 39 35 25 34 35 46 54 77 49 23 74 89 35 45 74 51 70 44 38 55 24 68 33 65 47 17 66 66 59 57 29 35 56 19 52 79 45 37 33 46 65 50 49 59 25 32 47 64 46 72 58 65 61 12 37 48 36 57 50 47 35 59 45 67 67 67 61 72 41 21 21 47 59 40 60 67 62 27 46 18 48 66 28 67 66 50 67 35 75 57 14 36 67 72 62 19 36 63 53 41 17 64 57 30 60 42 47 38 69 54 50 30 39 46 42 78 52 51 58 63 53 55 75 70 10 81 27 53 12 48 23 65 46 58 69 54 30 46 44 47 50 52 60 42 53 29 82 45 58 50 36 61 48 
70 70 88 37 46 61 67 55 75 59 28 63 45 72 59 36 60 38 65 54 41 71 42 33 59 43 58 44 22 32 47 68 66 32 52 44 33 33 61 51 70 56 28 65 65 69 66 38 45 61 58 62 53 68 58 43 38 78 88 30 42 57 57 39 22 32 46 31 31 61 61 66 38 41 55 29 48 47 74 50 36 80 53 49 28 51 28 50 53 49 61 25 39 42 64 78 59 28 46 64 42 53 75 45 42 39 33 50 45 38 64 55 56 43 62 67 32 48 61 46 48 28 66 57 14 68 24 40 40 49 43 37 56 53 71 55 56 51 37 64 57 66 28 54 64 59 52 58 67 41 34 77 32 35 25 47 81 36 54 63 46 51 74 50 44 49 71 65 80 63 37 65 62 43 72 1 39 53 83 56 46 82 64 15 51 74 68 11 60 54 37 74 48 41 63 72 63 68 24 45 
70 73 88 29 34 65 17 57 76 42 36 57 47 65 44 34 39 58 30 35 61 43 43 47 37 41 21 46 25 34 48 67 67 44 41 55 58 31 77 63 50 70 43 54 61 48 48 55 55 54 56 72 39 53 71 52 55 71 77 49 53 52 43 40 48 57 47 43 56 60 50 44 51 62 85 69 51 66 46 48 47 60 41 37 52 50 70 72 55 53 53 31 21 47 72 41 88 38 70 61 40 82 33 57 51 51 68 14 53 51 79 39 60 67 70 49 17 35 41 43 44 46 64 38 20 37 41 39 26 34 69 66 76 63 44 43 46 70 21 69 57 50 30 37 55 65 39 61 47 56 55 48 23 28 65 59 85 64 49 21 42 62 56 67 48 40 74 50 50 60 65 64 67 54 46 12 45 37 70 37 42 87 54 41 54 60 4 49 83 29 60 73 63 70 50 63 51 32 33 46 
76 77 75 6 70 39 60 49 69 78 89 55 48 58 58 53 58 30 52 58 57 68 46 17 64 50 34 56 22 39 22 38 59 59 68 59 22 29 51 61 52 66 54 68 60 67 42 52 40 54 58 54 71 46 73 41 55 55 93 46 31 46 52 48 11 15 33 49 60 29 52 65 21 61 70 66 47 35 38 46 61 88 24 36 44 40 57 41 33 69 25 28 40 56 56 39 58 60 54 53 36 61 42 63 49 55 72 49 44 65 60 67 49 47 48 68 38 55 38 62 43 49 63 63 1 46 44 49 14 64 82 66 74 76 35 62 72 35 42 74 59 57 53 16 71 48 40 41 64 39 51 52 42 34 59 80 43 18 71 49 22 47 82 55 75 45 59 39 67 61 70 43 61 64 64 1 45 63 76 45 32 66 100 50 57 65 49 66 55 68 52 57 50 33 42 72 50 51 57 30 
63 82 65 24 81 75 42 58 96 25 64 50 64 71 71 25 58 60 57 58 56 61 33 43 26 35 49 72 35 38 56 49 51 37 55 22 60 47 55 35 46 69 49 74 55 71 49 41 40 58 49 66 78 54 63 26 49 30 59 44 25 74 38 57 20 55 34 40 69 51 35 41 19 53 71 39 64 48 74 50 44 65 58 48 27 57 52 70 21 38 60 40 36 43 72 53 73 54 56 69 22 57 47 49 38 59 66 62 47 55 43 45 56 40 68 60 19 26 37 46 30 43 82 41 15 26 42 55 46 28 65 32 50 100 32 56 23 42 46 74 49 30 40 34 35 34 45 19 62 46 31 43 29 47 20 61 51 63 33 77 40 58 35 59 43 61 47 54 53 56 68 45 68 30 76 14 69 36 85 53 53 69 73 29 62 69 44 54 47 57 59 69 37 30 35 76 62 81 46 22 
84 65 57 10 54 59 67 80 58 71 44 51 42 37 44 43 63 35 51 44 85 47 58 55 44 37 36 81 61 61 29 46 68 46 51 29 51 54 62 64 53 55 48 72 68 54 53 66 42 47 11 62 53 51 50 51 31 62 75 55 59 63 39 84 51 21 71 54 51 63 58 50 36 53 100 48 70 67 43 61 39 74 51 53 49 58 56 70 52 57 37 25 52 34 42 55 62 41 64 58 17 85 43 41 63 31 65 31 48 34 78 31 39 78 70 31 33 31 78 62 63 47 72 31 45 66 66 46 32 53 60 63 75 70 47 67 57 47 60 71 53 62 39 40 83 62 28 51 58 49 48 55 50 56 45 85 55 53 64 74 64 37 65 52 34 65 51 43 60 78 72 42 60 39 63 32 46 67 92 57 29 74 45 45 57 33 42 42 77 69 48 67 41 49 30 49 52 51 59 30 
84 77 67 37 55 57 37 91 69 56 42 84 77 30 55 46 57 20 62 37 57 71 60 55 57 60 37 50 61 48 46 74 61 42 14 35 46 42 70 35 73 66 57 71 63 66 35 35 39 53 50 56 59 57 84 19 46 47 97 29 41 49 25 43 56 43 31 50 63 53 42 34 61 58 43 49 53 30 61 64 69 73 41 43 34 55 63 49 38 60 48 27 45 43 56 41 68 56 71 63 10 51 43 26 61 43 35 62 54 61 78 68 47 58 59 70 50 5 13 50 64 49 38 63 23 40 43 44 40 35 65 44 58 60 52 56 34 27 58 62 61 50 8 32 30 38 43 28 56 31 73 60 36 62 30 50 51 32 38 74 36 73 79 59 46 58 66 71 65 66 61 67 82 36 73 20 43 38 94 46 66 39 60 51 16 58 69 55 47 61 30 77 31 44 49 49 41 48 40 50 
63 64 99 41 73 45 64 62 40 55 41 74 32 45 77 38 67 54 57 36 49 55 74 29 42 41 18 51 60 60 52 54 45 25 46 47 63 39 50 60 66 81 48 64 68 18 27 58 41 41 80 50 48 55 76 39 38 34 76 55 51 55 39 32 60 25 59 52 79 51 64 65 37 57 61 44 36 89 43 45 56 43 52 41 9 51 47 43 55 55 54 43 40 20 49 64 52 67 45 55 37 49 53 19 47 31 59 28 27 66 52 59 35 67 73 68 44 6 54 55 52 13 71 46 21 60 32 52 52 17 39 71 67 69 59 44 58 37 40 64 55 65 35 27 45 55 43 36 46 58 64 48 36 30 48 74 55 38 43 73 59 63 81 63 56 57 80 68 77 98 55 30 77 34 38 4 52 23 64 44 50 64 70 57 37 41 17 42 86 46 15 56 44 63 67 78 64 57 45 1 
57 63 95 28 41 47 63 100 62 79 41 56 62 56 76 30 40 23 50 31 40 33 76 33 53 34 59 56 29 64 39 50 70 37 50 43 46 45 63 64 53 56 41 65 84 48 70 56 20 42 68 59 72 72 91 64 42 59 61 42 44 39 42 20 37 66 36 30 79 39 57 43 41 61 62 57 67 61 60 55 37 57 54 53 18 54 36 70 50 46 55 31 53 48 41 43 66 63 54 59 1 62 42 52 65 75 63 37 29 33 57 36 62 73 56 50 50 49 33 46 53 49 55 74 34 45 33 62 51 38 68 21 48 37 64 74 76 35 16 48 60 69 58 39 44 37 28 27 36 49 65 63 39 40 43 55 80 30 58 21 54 84 58 67 69 63 47 68 77 76 67 48 45 43 71 19 43 56 86 59 53 58 18 57 39 56 78 37 51 68 56 53 36 54 33 44 42 47 25 5 
84 70 56 22 47 22 69 100 64 45 65 66 37 54 49 43 44 45 45 43 65 50 66 67 47 54 68 37 44 39 66 30 51 41 55 54 64 61 42 43 58 75 44 69 75 42 49 43 51 64 31 50 66 57 83 33 53 63 78 32 30 57 29 76 23 15 45 57 73 41 38 43 47 9 48 13 59 59 64 48 43 66 36 44 43 56 26 44 49 57 42 55 44 57 69 56 83 52 65 31 16 54 36 42 64 62 85 37 32 56 48 50 36 67 57 43 53 30 52 79 50 38 77 74 37 68 60 46 40 37 49 37 31 70 23 68 40 58 59 64 63 59 22 39 56 59 44 34 53 46 32 50 40 55 60 91 70 33 78 40 38 46 55 58 56 42 62 65 63 85 59 34 89 39 56 23 59 66 62 47 74 70 51 57 36 28 75 47 61 46 21 53 46 56 67 34 62 89 65 24 
73 67 79 27 53 58 32 80 61 45 61 54 60 65 57 19 57 1 20 66 38 36 65 49 29 44 49 72 32 50 28 60 72 78 46 38 38 59 60 47 54 55 49 66 58 46 45 59 40 75 61 68 41 67 64 59 44 64 89 42 56 49 38 40 58 45 75 38 57 29 53 26 27 48 65 71 48 40 58 62 52 67 36 64 27 53 42 56 62 66 44 10 31 64 55 43 77 46 56 64 23 71 72 57 67 44 41 62 42 32 46 55 49 76 52 81 42 30 49 53 40 54 60 72 19 49 74 31 50 46 69 57 47 63 36 46 60 35 45 84 71 66 16 33 57 60 43 63 59 62 32 47 49 61 36 61 45 42 39 66 26 43 62 50 36 56 75 49 84 63 70 57 66 54 61 23 65 28 69 62 52 61 73 48 34 69 15 60 54 62 53 53 36 54 43 88 29 55 61 37 
77 63 93 17 28 63 62 49 59 31 43 45 56 62 43 26 29 31 35 59 41 51 58 23 66 56 56 62 42 53 70 48 69 29 48 49 42 50 65 43 74 63 58 73 67 38 66 23 31 26 50 65 76 44 45 53 34 37 82 47 47 48 49 31 36 38 49 44 55 27 58 72 21 78 72 56 47 52 64 56 33 74 67 60 39 35 48 63 41 53 41 20 27 52 58 55 57 41 60 84 24 45 64 40 40 55 53 26 28 55 72 75 69 52 63 62 65 5 44 46 43 58 40 40 13 26 38 67 22 25 77 61 39 90 37 54 63 37 34 51 46 42 7 33 40 52 26 49 55 52 31 57 44 72 34 77 87 40 49 56 23 46 52 57 66 53 42 52 76 56 58 49 60 30 40 1 61 37 85 67 43 92 72 54 39 67 46 56 59 52 42 84 38 75 58 68 49 65 64 24 
57 79 70 32 56 49 21 79 71 63 70 55 56 57 49 48 50 52 62 54 71 67 50 47 54 51 21 36 60 45 32 95 61 38 22 77 66 43 46 70 64 67 24 79 30 63 25 34 33 58 42 35 67 66 68 46 56 73 72 41 23 64 56 45 29 17 36 41 73 44 43 44 23 57 100 48 51 59 64 65 32 82 54 62 45 53 51 57 48 63 58 57 44 68 55 46 43 53 41 64 39 55 30 48 71 45 34 45 42 48 55 73 38 53 64 38 46 35 38 54 39 47 39 75 42 36 33 36 64 24 65 37 43 73 39 67 60 49 31 57 46 53 34 37 59 57 11 70 64 34 50 53 48 66 52 66 62 2 46 45 40 70 59 71 47 64 56 75 55 47 73 40 56 34 58 19 66 42 75 47 47 51 50 41 45 70 38 48 51 36 60 62 32 41 28 52 48 59 34 27 
81 83 61 24 49 42 40 56 59 61 47 64 41 66 80 57 72 33 62 76 57 65 56 35 17 50 53 37 48 47 48 64 62 27 37 45 45 50 49 72 55 77 29 82 67 46 53 51 45 52 52 61 39 56 62 34 80 53 46 43 47 74 29 21 20 49 37 36 53 52 27 46 34 62 43 38 44 58 55 79 34 70 52 34 54 8 20 55 45 62 39 14 35 55 48 58 49 47 59 34 19 44 34 43 55 38 29 58 26 58 35 74 47 32 63 68 35 50 34 70 68 57 46 62 34 60 36 51 41 36 43 38 67 80 44 73 58 55 36 68 69 47 19 16 52 47 47 51 47 54 35 50 70 44 48 75 75 17 44 48 48 70 100 95 53 52 64 61 49 97 74 53 52 44 41 24 79 35 73 58 44 62 59 69 41 51 54 50 59 64 58 60 32 45 51 73 34 39 35 26 
62 100 71 45 59 14 74 58 43 66 23 39 21 77 52 30 64 37 51 55 56 58 52 50 78 64 37 54 25 56 55 76 82 36 43 62 57 75 95 40 44 74 54 72 47 86 36 58 61 57 46 56 75 38 75 37 54 45 93 37 29 53 49 22 56 33 39 51 60 34 39 63 48 52 61 32 58 81 52 55 32 86 49 28 44 21 26 70 53 63 45 29 43 58 65 49 68 75 37 63 40 46 32 71 53 48 43 49 34 43 43 56 40 79 71 46 5 34 38 59 49 31 58 77 35 32 33 62 47 52 53 63 35 83 35 48 80 44 65 75 46 76 35 45 62 64 41 56 55 45 51 40 62 52 66 79 27 13 54 43 42 57 61 69 32 65 56 61 49 63 64 76 59 24 36 12 39 57 74 38 51 54 52 40 22 73 29 52 33 43 39 70 46 63 37 52 50 62 57 15 
45 68 60 46 40 60 66 58 53 46 52 54 59 52 41 33 42 53 58 31 83 30 75 47 31 58 47 62 60 42 45 79 70 22 36 31 34 29 63 62 54 52 74 67 98 43 64 47 66 62 28 47 65 36 56 57 64 32 71 27 44 69 35 64 52 49 38 22 77 31 56 76 58 60 88 63 65 75 42 64 34 74 48 47 46 35 44 96 37 70 25 43 42 63 76 65 84 39 39 66 59 65 53 66 51 67 77 18 30 44 48 59 37 51 51 38 28 45 57 90 84 63 73 49 21 40 32 72 33 38 52 77 40 57 40 34 71 49 33 63 43 70 23 31 91 68 36 48 51 59 41 38 30 27 70 65 33 75 55 45 43 72 40 44 54 43 65 55 75 72 62 75 60 22 40 19 75 43 65 32 54 60 51 37 20 76 42 31 55 60 38 52 36 78 65 100 48 56 29 20 
62 53 89 33 69 25 51 42 69 43 64 40 53 60 39 58 58 52 48 63 50 50 85 21 34 16 20 47 57 69 54 42 79 34 48 38 35 56 41 59 61 62 37 44 70 52 55 57 42 40 65 61 42 51 88 48 47 58 79 46 44 67 65 44 31 46 66 47 48 56 67 66 27 63 68 44 42 61 34 76 51 56 50 39 33 34 30 72 81 58 32 23 34 37 52 46 91 57 41 85 15 68 45 78 62 63 46 42 43 48 59 47 48 58 79 64 46 21 47 53 14 46 51 60 60 34 50 36 28 33 76 59 41 56 31 51 40 43 13 50 58 85 36 36 62 62 52 45 55 50 45 33 48 57 45 100 74 45 45 25 40 75 52 60 24 61 84 74 55 82 54 57 34 42 64 20 71 56 54 54 43 82 53 41 35 39 20 21 77 50 41 78 45 44 35 77 37 71 4 19 
58 43 93 30 56 58 55 79 82 62 32 41 44 55 23 46 16 32 57 40 44 33 56 48 46 38 34 42 41 57 43 61 45 41 29 40 31 48 63 60 32 82 70 74 72 71 54 61 47 60 27 59 61 66 75 40 49 63 97 57 25 76 51 43 23 40 45 37 54 40 35 41 61 64 66 68 60 59 25 55 48 56 45 56 10 62 42 65 38 44 37 26 79 53 59 57 60 76 58 51 19 34 34 66 51 55 52 43 27 46 43 63 62 42 75 62 30 38 55 51 73 59 46 46 16 35 50 39 48 57 100 59 63 89 28 85 72 55 31 26 45 45 52 17 56 75 27 51 78 68 38 71 53 40 75 59 45 28 46 51 48 53 77 77 67 55 46 50 33 65 51 61 71 22 83 28 19 52 78 41 56 48 51 40 41 89 42 47 60 50 37 88 34 56 18 53 52 62 38 25 
21 22 20 66 47 54 49 31 45 40 43 46 46 51 48 57 46 72 39 62 44 40 49 45 65 41 61 66 63 62 60 47 34 59 60 65 73 61 33 58 32 44 52 27 53 49 44 37 55 65 69 52 53 33 18 36 51 61 30 71 59 44 43 62 63 66 35 69 17 34 41 50 62 55 56 45 62 49 48 41 53 26 52 48 57 60 55 49 39 59 56 59 60 50 53 47 35 47 28 34 75 32 66 55 43 35 52 56 76 31 50 32 45 57 43 49 74 60 61 50 43 58 55 40 60 59 60 50 67 67 35 45 48 32 57 35 31 58 43 37 36 56 61 78 42 51 47 56 55 55 57 44 67 46 53 25 51 63 39 60 72 51 41 34 51 39 52 48 37 27 42 55 34 73 40 100 54 58 44 67 39 33 38 65 59 37 46 46 30 60 54 39 60 23 44 16 45 57 67 56 
34 11 38 71 62 16 62 32 32 32 65 57 66 47 59 64 50 84 67 52 33 35 59 53 60 42 60 50 58 41 69 43 47 60 53 38 60 64 33 48 27 35 55 35 42 43 45 57 68 52 52 62 48 32 19 48 50 45 50 52 74 28 38 37 66 75 63 51 22 42 60 66 64 38 33 37 49 37 58 45 52 29 50 52 74 68 49 56 29 64 36 64 53 60 49 55 37 58 48 46 94 44 56 39 64 45 56 61 61 71 58 51 52 43 33 57 72 65 50 25 48 57 47 28 71 49 79 47 59 69 41 45 47 34 69 41 32 50 68 35 21 45 69 70 47 48 77 47 49 48 59 47 50 55 50 34 58 55 28 49 36 51 59 37 50 46 57 25 34 31 46 41 33 61 38 68 47 43 43 44 62 47 26 70 67 37 50 36 43 44 43 26 50 57 58 16 66 34 70 68 
47 30 39 77 54 48 44 34 56 37 57 47 40 28 45 67 39 56 60 72 39 36 42 65 55 61 63 45 60 47 56 23 37 55 59 42 52 48 33 62 30 28 50 17 43 60 50 62 69 64 50 49 48 49 35 54 64 37 16 70 55 42 53 34 53 64 36 54 37 62 57 43 68 44 40 45 44 53 60 45 67 38 42 58 71 66 59 42 51 52 52 60 68 50 47 56 39 35 43 45 83 65 52 74 49 30 66 68 59 59 37 43 30 49 37 62 67 77 56 44 43 40 44 41 76 51 73 55 44 62 34 40 50 32 61 22 45 63 58 41 38 42 72 56 37 57 66 62 49 44 63 40 66 53 59 27 48 63 50 57 45 44 33 50 54 33 31 50 47 31 35 69 38 74 42 75 43 71 49 72 34 31 52 56 60 50 58 42 53 40 58 45 68 45 55 40 51 59 45 62 
26 15 16 82 46 38 45 40 23 40 70 22 54 37 53 63 45 62 42 55 60 34 33 73 44 51 63 48 65 51 51 38 38 61 66 58 64 55 32 49 45 44 63 35 38 45 52 47 62 44 59 45 40 47 41 60 50 27 15 54 59 43 57 60 71 65 53 51 48 45 51 33 66 61 49 56 48 47 41 40 57 34 47 48 77 57 69 39 47 41 43 83 69 41 44 48 32 67 53 32 65 60 51 56 48 49 52 59 55 59 48 47 57 44 39 45 70 59 43 56 56 62 29 45 68 42 63 51 62 57 36 45 51 32 46 37 56 46 64 28 50 41 56 62 46 57 52 47 52 60 67 42 65 63 59 43 36 57 53 46 65 57 47 41 62 36 48 49 38 38 42 42 46 65 35 89 53 46 22 47 50 27 46 78 56 36 46 67 52 46 59 22 53 52 42 33 51 52 74 66 
34 22 26 70 50 51 67 29 38 46 64 44 56 33 46 60 41 59 73 48 49 54 63 75 55 51 71 44 79 56 43 36 39 50 47 51 43 70 23 39 40 25 70 35 49 51 65 36 52 46 53 41 53 42 32 46 48 41 26 48 60 47 51 55 64 63 45 58 34 49 63 53 51 53 16 42 51 34 45 57 63 31 47 64 65 47 50 27 46 49 64 74 63 47 53 52 8 62 46 55 50 25 58 44 47 44 40 70 63 40 41 47 43 36 29 57 65 67 65 42 43 53 43 47 77 60 53 49 75 60 32 43 29 34 66 48 60 35 72 31 48 51 71 74 48 31 60 34 57 44 56 53 67 57 46 27 21 46 52 60 64 45 45 35 60 50 30 43 49 24 30 55 38 60 44 84 49 69 23 63 62 25 39 56 59 44 68 44 33 66 47 36 56 27 49 38 50 59 55 48 
29 30 32 99 31 56 42 42 32 42 34 39 59 56 53 43 42 72 54 41 43 33 55 76 39 57 56 43 58 71 73 43 51 47 45 52 56 65 45 41 44 29 35 33 24 40 58 44 61 50 43 50 43 58 45 54 52 41 20 67 64 55 48 53 90 64 69 50 38 72 41 34 78 32 30 51 51 43 54 50 36 20 61 73 54 54 64 42 57 39 70 72 68 44 44 66 33 48 36 51 74 51 56 43 44 43 33 71 62 41 57 31 49 47 42 40 62 68 56 45 59 52 45 47 96 59 57 49 77 46 44 36 42 31 53 37 39 74 67 32 45 35 60 76 33 53 47 68 51 64 55 61 49 67 49 19 54 81 34 52 62 49 23 43 26 54 36 57 33 27 40 56 45 45 40 100 50 45 17 47 63 41 25 62 53 38 48 46 60 48 54 35 58 57 56 42 53 57 43 71 
32 42 29 76 20 48 58 41 7 57 60 55 50 34 46 73 40 47 44 43 54 41 54 60 65 65 60 34 58 48 45 56 33 67 42 61 41 55 58 53 55 47 55 33 43 39 39 61 55 48 56 41 31 42 32 64 53 50 34 54 57 28 64 34 65 58 70 50 28 57 67 55 74 50 28 63 35 40 27 43 53 31 52 54 71 51 46 46 67 46 43 72 64 51 35 52 24 35 44 32 74 48 65 46 59 53 44 47 63 58 61 47 46 55 36 41 78 80 52 66 66 67 22 55 80 59 67 46 61 66 37 60 39 21 65 37 51 59 53 29 46 54 61 80 45 49 50 58 44 48 74 50 68 49 57 31 35 44 49 34 57 46 56 44 56 25 51 39 57 31 27 59 30 67 40 88 36 37 29 48 53 33 26 83 54 45 52 50 54 41 49 33 64 59 53 22 43 44 52 57 
23 26 40 87 42 45 39 23 50 42 57 45 48 49 51 47 43 66 50 57 28 52 46 50 49 46 58 27 48 45 74 49 38 54 59 63 49 62 39 37 48 32 54 31 29 44 42 36 64 54 70 47 56 47 27 51 64 40 14 46 61 46 63 36 48 74 28 48 40 46 45 59 67 42 30 59 30 38 49 46 61 20 41 52 61 42 45 34 49 44 49 79 61 68 60 46 31 40 33 45 85 31 49 50 48 70 40 74 61 59 49 70 62 32 36 60 66 70 38 47 38 59 43 54 72 38 40 55 71 48 32 39 35 21 58 43 37 46 52 33 37 46 62 62 41 38 75 50 29 39 69 55 50 51 55 34 38 48 37 32 52 57 55 43 55 53 42 45 32 27 34 65 41 64 54 65 59 43 24 39 60 27 48 56 46 66 51 51 21 34 61 36 57 57 70 33 42 56 50 81 
17 34 29 67 37 46 46 20 30 45 64 30 31 50 44 63 60 75 45 67 52 37 50 56 45 50 60 43 48 50 56 31 39 65 79 54 60 63 41 56 39 33 43 33 40 41 50 60 62 46 52 57 49 36 16 83 53 59 3 71 61 50 66 53 54 48 65 62 49 55 54 46 52 43 51 53 53 59 45 50 46 36 54 64 70 57 48 41 69 39 45 75 56 49 48 58 38 49 43 34 91 46 58 62 43 58 52 57 54 49 46 36 48 43 42 45 55 85 71 44 48 55 53 31 76 64 50 67 56 55 45 59 40 33 54 46 51 49 43 37 21 51 77 80 57 58 49 84 46 52 34 43 57 55 68 43 49 70 51 48 54 34 25 42 52 45 23 23 36 31 28 44 37 64 28 91 47 63 21 52 44 55 49 48 68 42 45 47 53 40 59 39 66 44 60 44 73 47 57 55 
47 37 9 64 31 64 38 38 46 51 56 40 68 56 45 60 44 60 56 50 51 39 29 63 63 68 73 60 43 49 58 44 51 80 55 44 38 62 50 44 46 35 70 29 37 63 72 39 58 47 30 45 48 55 11 56 59 74 37 63 47 46 60 60 60 75 42 58 45 48 56 45 51 53 35 54 33 17 61 56 66 36 51 68 69 61 46 45 43 63 53 54 58 67 59 46 32 44 43 42 78 61 56 63 50 59 40 72 57 39 49 45 50 40 33 50 70 76 47 47 45 73 33 40 86 51 61 49 57 73 50 40 42 29 45 51 42 66 71 24 43 56 68 68 60 46 48 66 49 40 51 54 63 67 43 33 33 71 55 35 55 39 28 45 66 39 30 41 41 21 42 52 20 47 66 89 48 71 35 56 53 35 43 47 67 47 63 70 30 59 74 46 57 47 46 31 49 47 51 87 
39 36 12 80 60 57 47 6 43 43 52 44 44 40 40 71 44 70 54 63 37 50 34 68 49 55 44 45 63 38 64 50 37 62 51 50 59 61 31 37 39 29 48 34 28 41 32 35 63 52 37 50 41 34 25 37 59 42 40 51 60 48 58 71 61 50 62 71 29 52 48 57 57 45 40 48 43 40 50 38 59 41 53 59 83 49 56 28 51 46 55 67 50 49 45 55 22 63 23 41 86 41 48 51 51 28 40 64 62 65 44 54 41 34 45 52 59 60 57 55 52 48 59 29 70 45 65 37 61 69 37 64 50 58 47 32 35 53 65 43 31 33 53 68 57 52 67 63 63 54 48 52 61 55 58 29 31 74 35 57 55 14 36 51 36 43 52 33 28 26 19 53 56 69 38 74 56 49 22 50 50 47 65 48 62 45 42 50 40 46 43 35 60 54 75 52 64 49 67 78 
34 26 50 76 61 61 39 4 39 48 26 27 58 46 46 52 44 62 54 58 30 32 31 53 48 60 53 45 48 54 53 58 62 58 56 46 57 43 42 54 44 36 54 37 34 58 61 51 67 43 62 57 48 50 34 56 44 43 26 57 71 33 65 36 72 75 57 44 34 55 53 69 54 64 54 65 43 54 33 41 58 26 52 43 76 33 67 44 44 52 59 60 57 38 39 41 22 49 44 41 79 61 62 55 37 39 37 66 76 50 60 24 70 34 34 42 55 80 62 42 48 51 41 30 71 40 63 53 58 55 33 56 70 31 78 36 50 28 56 42 32 55 58 77 52 45 63 75 49 61 65 59 53 42 40 10 41 65 32 57 56 51 37 46 38 54 48 47 38 15 37 62 40 70 46 82 45 45 29 54 40 33 54 57 54 51 43 52 51 71 73 50 63 48 57 50 47 39 45 78 
33 46 22 74 58 41 55 27 50 48 55 43 52 52 46 69 38 72 71 44 64 44 38 52 43 67 51 43 52 53 71 37 24 46 62 59 48 55 33 45 34 52 60 44 39 55 53 46 51 51 46 40 55 51 25 42 46 47 12 43 63 43 57 60 40 73 33 64 44 66 57 57 53 49 37 51 41 57 44 46 54 38 51 44 68 42 59 44 41 43 44 73 79 43 47 36 30 41 59 53 73 35 29 37 38 57 50 57 66 60 61 46 46 24 45 37 59 76 58 47 64 49 35 45 76 53 40 63 51 72 30 56 40 42 58 44 41 47 54 33 41 56 65 68 46 41 52 38 41 36 69 55 46 40 55 41 44 62 52 37 72 56 39 45 61 50 33 49 37 28 42 55 39 64 54 85 48 63 17 43 45 51 44 65 61 47 71 41 43 28 46 35 60 46 51 24 62 56 53 67 
30 21 24 71 59 48 46 42 36 44 58 63 50 45 42 66 64 62 55 50 62 46 42 58 57 46 49 44 52 51 37 38 44 61 48 62 59 51 28 55 39 33 46 39 37 51 38 61 67 66 58 33 34 57 46 50 63 50 29 54 59 47 46 66 64 69 60 42 42 68 42 39 85 43 41 51 53 58 47 45 57 32 37 40 66 64 46 39 60 51 52 78 63 51 33 56 21 56 43 22 81 48 52 43 64 56 41 75 76 52 51 38 27 51 46 31 46 77 60 51 69 39 54 59 71 67 62 54 71 66 22 51 60 23 73 41 53 55 54 37 53 52 80 67 47 26 75 50 48 59 71 44 50 41 55 29 25 71 55 60 73 51 41 38 41 48 54 40 30 28 47 49 38 63 60 99 45 61 19 45 56 25 31 73 73 47 53 44 44 38 58 33 65 37 68 30 41 48 49 59 
48 33 29 73 63 51 74 22 37 27 42 42 44 44 45 47 54 58 50 46 37 40 44 57 45 55 73 54 58 56 60 31 52 72 69 36 38 64 52 37 34 34 65 30 53 43 54 50 64 53 61 55 46 39 37 59 60 48 26 53 71 43 58 50 59 77 62 62 35 60 63 41 74 43 17 57 50 41 43 35 58 31 60 40 60 43 61 54 53 43 55 55 57 33 48 49 45 57 54 33 65 49 65 53 36 43 55 61 57 61 45 38 55 43 25 58 64 70 69 52 50 54 59 26 67 69 65 58 60 71 41 62 49 20 63 36 45 48 66 43 38 45 63 64 41 35 77 41 39 65 59 46 60 58 39 40 43 82 41 55 46 45 44 30 62 43 36 30 43 39 34 50 34 71 42 84 48 52 34 53 45 50 51 54 48 43 56 43 41 52 46 35 76 53 57 52 44 52 42 66 
26 18 37 76 52 62 61 43 36 42 48 38 47 24 42 51 31 70 46 48 49 36 43 74 72 51 40 52 68 51 55 33 50 67 69 53 44 47 44 32 46 15 65 30 50 51 47 48 42 47 34 33 54 45 33 57 29 53 42 54 56 29 76 67 69 49 64 70 40 48 57 39 57 39 58 63 55 50 42 32 58 29 51 49 66 79 73 46 52 39 60 68 62 45 45 51 46 59 45 69 82 62 61 59 44 61 57 48 65 51 63 42 61 45 38 48 58 68 50 25 36 47 64 45 73 41 60 47 65 60 47 64 40 20 55 28 37 62 58 39 29 45 77 75 38 54 50 54 60 45 59 60 40 58 51 35 38 79 53 56 58 31 20 30 47 47 35 43 39 10 30 39 48 59 60 88 34 52 39 55 54 31 51 45 59 55 52 52 37 38 51 35 70 44 66 31 64 55 58 71 
33 10 27 51 43 54 26 28 44 43 63 55 68 36 46 64 35 69 40 50 56 44 66 50 54 38 72 45 77 51 40 30 32 58 76 50 53 39 16 50 60 41 42 28 38 39 40 40 62 63 50 47 49 48 18 75 53 52 12 41 70 39 52 59 67 73 48 50 44 60 72 49 52 37 47 63 40 22 49 45 76 16 43 66 56 75 50 42 50 41 56 82 62 51 39 54 29 44 53 43 76 43 61 51 48 57 58 54 64 57 59 47 39 25 35 53 81 75 61 48 48 62 47 26 72 58 60 41 57 55 39 47 64 29 64 59 39 57 46 48 45 30 60 68 53 49 59 58 64 53 68 59 60 50 40 25 49 69 59 49 55 45 53 51 53 38 43 44 40 28 45 41 41 70 67 87 59 46 26 58 50 38 46 60 76 49 72 49 56 59 46 24 54 44 63 53 51 42 46 80 
36 38 32 63 51 48 38 36 39 43 46 35 53 46 53 72 51 42 41 61 32 49 40 53 65 50 58 38 45 49 56 37 32 73 59 68 54 71 42 33 38 32 48 29 17 50 38 60 35 39 59 50 48 49 52 41 50 58 24 64 42 34 58 40 50 64 46 78 38 64 48 27 43 51 23 60 50 34 57 45 47 27 54 57 56 56 64 14 60 40 76 71 56 53 43 51 31 49 50 48 67 35 43 41 45 46 43 65 66 46 42 41 62 42 44 50 69 71 54 31 35 50 42 23 63 52 61 33 77 64 48 40 46 51 65 59 30 51 63 37 37 41 66 60 14 24 60 47 46 45 59 59 77 66 37 36 61 46 45 58 51 42 55 38 38 65 34 52 29 33 55 44 49 58 50 100 33 61 36 51 54 42 46 57 65 35 59 70 47 37 51 53 59 29 36 10 53 36 61 69 
55 40 25 71 42 70 40 40 37 52 54 47 32 40 55 49 44 64 58 51 46 47 31 63 63 71 67 50 56 41 50 55 32 58 48 52 61 50 57 40 39 36 54 49 45 47 50 52 68 52 47 39 58 61 21 53 54 48 26 53 56 41 57 57 64 55 44 51 42 43 38 50 68 38 27 51 49 50 60 45 62 17 51 62 72 60 67 34 24 35 61 67 72 51 52 60 28 48 64 34 75 53 52 48 54 46 45 44 58 64 50 48 46 27 31 50 57 58 48 52 62 58 50 44 53 62 55 60 73 77 33 43 43 46 59 49 54 48 69 55 37 36 58 66 51 44 58 73 46 61 63 68 37 57 48 18 47 55 56 73 60 44 48 38 56 50 22 46 41 27 48 48 51 54 37 84 36 51 31 46 51 39 29 55 67 61 69 76 33 51 59 31 69 56 69 33 62 37 89 67 
35 32 28 64 42 46 50 27 15 43 70 58 57 57 66 58 68 66 46 65 47 42 38 49 48 53 57 48 46 38 58 45 50 48 73 61 50 50 39 50 49 28 47 24 41 40 52 44 55 54 75 36 49 44 24 58 57 40 10 42 63 47 48 53 84 60 55 64 46 61 53 46 35 38 36 43 41 48 57 39 60 38 47 56 71 57 51 40 53 48 46 67 35 53 49 40 38 42 47 52 75 52 57 57 60 48 45 58 64 45 57 38 42 55 41 49 69 63 52 43 39 36 56 51 75 47 62 67 73 51 13 44 49 18 60 30 46 51 58 63 49 55 62 82 49 33 73 51 40 48 56 31 53 72 40 33 54 56 50 52 54 54 34 23 61 39 63 57 58 27 45 41 29 76 33 70 54 55 26 66 46 51 52 56 60 32 60 49 41 51 53 29 67 45 80 35 58 44 56 65 
494 495 502 498 490 499 496 481 500 509 489 497 492 504 501 498 503 484 506 497 
