20 200
69 42 91 66 63 42 63 28 29 79 80 24 61 67 89 52 46 44 21 36 57 16 43 55 75 1 52 60 42 42 63 53 31 48 49 44 40 32 50 44 60 67 83 51 62 35 46 32 74 90 73 64 60 9 39 60 46 54 40 54 38 44 78 47 44 78 84 70 76 71 44 35 36 11 71 32 48 43 49 51 33 12 37 53 55 49 55 67 68 28 79 50 49 43 35 85 52 45 73 50 80 43 78 57 68 66 44 61 78 57 29 14 74 71 45 65 53 54 63 58 17 27 70 48 81 56 45 21 58 83 84 50 33 64 55 35 50 63 61 63 53 62 63 32 40 22 58 35 75 36 61 71 52 39 57 65 36 62 41 58 55 61 39 31 44 52 49 65 63 59 58 35 53 43 98 61 37 58 54 31 50 61 43 42 75 42 57 73 28 40 65 46 49 45 68 61 45 46 88 59 
47 87 74 50 53 71 40 37 26 43 56 35 43 55 67 68 67 34 53 52 33 22 34 55 30 46 56 66 77 43 49 54 36 53 42 62 58 66 40 53 41 77 62 76 35 78 58 77 50 61 77 61 57 8 39 39 28 49 16 50 46 53 29 53 55 92 72 56 69 70 77 44 43 55 52 30 39 48 50 66 56 40 60 54 35 55 57 52 58 44 55 49 32 32 50 87 43 55 46 42 28 55 64 63 32 39 54 64 45 55 48 47 49 58 29 58 64 46 46 24 43 37 88 60 47 22 30 18 67 44 29 48 39 53 64 28 60 55 30 34 44 40 53 52 79 50 42 62 61 51 49 58 61 31 82 51 26 66 36 35 52 58 71 20 63 53 77 55 91 63 58 38 37 62 70 40 55 68 41 43 52 58 49 40 36 36 45 29 51 11 54 39 39 46 47 69 50 36 39 45 
52 60 69 55 67 54 69 34 32 19 62 37 62 38 76 61 39 13 67 41 55 31 53 44 59 51 67 72 68 56 91 46 9 41 56 46 59 28 35 58 39 81 76 52 62 27 49 84 51 55 40 69 75 19 31 82 60 59 47 29 79 30 66 39 44 69 50 87 52 70 68 18 47 1 72 51 19 33 66 67 38 75 44 46 17 65 58 57 69 55 85 23 64 62 49 91 38 43 43 26 46 75 68 41 36 42 14 53 54 74 21 24 46 70 36 51 61 30 46 42 58 48 64 55 66 88 49 55 31 59 47 66 52 70 34 43 63 35 24 58 85 48 62 36 29 24 58 56 34 35 53 53 49 33 100 57 37 45 28 30 60 52 51 6 40 59 75 85 50 70 47 32 45 65 64 42 55 39 27 53 48 34 46 36 30 54 75 74 23 39 67 35 60 67 72 57 43 57 64 41 
45 49 67 72 53 57 56 60 63 43 63 30 53 58 68 59 53 38 54 25 63 55 38 37 71 69 48 68 60 71 27 51 64 42 29 40 47 46 60 71 68 68 63 52 44 40 39 61 49 44 52 38 50 21 40 57 60 37 5 37 60 49 74 45 76 72 21 51 88 64 55 55 68 57 62 16 33 50 30 50 63 62 43 62 57 56 67 66 78 47 64 74 60 73 35 62 51 55 61 60 67 87 82 62 25 32 33 76 47 47 41 52 72 18 16 79 49 68 45 26 59 65 88 40 82 23 23 52 21 44 62 43 17 41 35 47 57 24 55 67 64 42 64 52 63 40 58 64 45 37 56 67 51 47 80 68 29 59 49 18 64 81 42 45 63 32 80 52 62 70 19 45 56 66 61 42 53 67 37 62 35 51 37 49 40 38 61 60 57 56 80 27 34 66 28 66 36 60 37 51 
70 56 82 86 30 72 59 52 47 45 55 20 62 72 74 57 52 53 24 36 44 50 31 60 55 55 47 65 66 44 60 46 19 42 25 20 44 49 66 67 44 52 64 68 51 71 49 74 78 67 49 45 50 26 45 41 62 80 32 48 59 59 40 32 51 73 69 32 68 75 55 43 44 18 73 39 55 60 57 63 60 35 79 41 66 65 57 43 72 52 53 39 71 39 25 61 45 35 43 26 80 47 77 64 48 38 43 73 67 73 26 41 43 37 39 62 36 38 55 27 45 49 65 60 58 28 44 40 66 36 63 52 64 43 48 23 70 43 38 67 41 54 44 52 38 59 50 46 40 62 28 62 48 25 88 39 32 50 29 32 60 79 54 14 62 53 76 58 69 74 52 39 73 58 46 56 40 73 60 33 50 70 45 50 59 39 49 50 40 63 80 56 71 63 45 66 62 39 46 47 
38 52 68 57 46 43 62 21 35 42 11 16 60 61 67 42 47 65 54 52 54 49 35 41 66 33 54 55 56 54 44 33 32 60 11 47 41 55 50 57 63 57 60 74 44 51 69 59 85 68 44 44 55 7 40 72 37 36 46 40 57 60 44 42 67 64 54 92 91 64 76 52 56 37 41 30 24 72 63 74 67 44 54 66 53 55 18 51 52 56 49 74 50 56 28 69 61 35 78 52 55 29 64 67 45 51 78 90 37 62 40 25 56 53 18 77 58 36 61 41 47 23 67 54 66 43 45 46 65 61 65 50 68 59 40 37 79 37 65 29 72 39 54 30 63 55 61 70 58 59 33 72 52 11 89 51 37 72 59 35 77 83 41 6 76 44 62 51 77 53 47 36 55 55 71 51 42 57 57 42 44 77 23 68 14 32 58 37 68 21 83 31 41 44 46 81 60 34 43 49 
48 55 61 75 35 44 57 46 50 47 65 31 60 53 64 73 47 31 37 86 32 29 44 37 55 40 35 60 76 64 58 67 20 59 49 43 26 63 57 55 61 50 100 88 34 67 78 69 92 52 48 46 66 40 22 83 68 58 21 29 72 51 68 32 67 82 36 62 89 78 65 44 75 30 50 24 47 50 42 45 31 60 68 80 50 67 67 55 78 49 46 70 28 71 61 78 58 23 54 39 49 59 47 58 56 39 32 65 44 61 36 60 50 47 55 42 35 35 59 35 59 40 82 52 60 31 48 66 21 34 50 43 35 69 63 37 71 34 64 50 37 48 55 53 36 55 65 54 43 65 34 57 35 28 85 78 31 56 76 55 56 80 45 37 35 75 65 48 77 61 36 45 71 68 66 67 23 47 58 52 38 68 24 18 54 35 55 51 63 23 56 50 44 65 54 56 58 49 65 68 
39 75 94 62 49 39 69 37 48 29 76 36 47 43 62 60 59 52 47 28 45 59 49 57 57 37 46 43 28 38 47 78 32 64 18 61 11 49 37 69 42 51 82 62 21 54 65 81 62 50 66 40 67 22 39 55 53 46 40 61 52 45 41 23 45 34 47 67 86 74 34 46 20 29 78 28 51 59 57 57 85 38 76 53 28 81 54 50 51 53 48 57 50 54 45 55 51 54 65 17 60 63 75 50 32 51 33 67 67 60 36 26 48 64 35 44 59 55 76 48 47 62 100 55 59 43 25 25 29 40 45 13 55 54 32 46 75 26 59 42 55 68 34 34 77 51 43 65 41 74 62 53 59 27 76 63 53 70 62 48 37 12 59 10 58 48 50 63 66 40 50 54 55 69 73 58 53 34 47 67 65 61 33 38 39 28 87 59 43 26 85 35 69 50 73 64 55 29 53 70 
72 62 74 53 39 58 85 40 43 61 41 9 32 58 71 46 51 37 28 48 53 54 49 39 58 26 71 39 71 62 47 29 18 41 32 56 41 37 41 69 54 48 78 70 55 46 39 73 52 39 49 43 62 49 13 66 58 32 33 29 37 56 32 28 47 69 36 73 85 100 22 37 69 25 79 24 55 68 29 42 75 44 49 60 38 69 60 53 83 44 52 32 54 66 72 82 47 53 67 60 79 50 82 66 50 33 39 54 54 94 6 29 67 73 42 39 43 37 48 46 46 47 69 53 50 74 52 28 59 61 62 54 63 59 56 19 52 52 71 68 51 45 70 41 42 51 68 64 48 34 43 54 44 25 82 68 42 91 40 27 81 18 37 8 47 60 77 36 81 48 45 62 56 50 41 60 65 47 35 51 55 43 39 32 47 42 70 52 67 54 75 34 65 69 53 68 70 23 48 68 
46 51 86 66 36 41 66 62 58 45 62 23 48 63 59 54 81 38 51 51 52 69 65 53 67 40 52 75 44 52 51 62 39 34 54 36 34 59 60 86 50 68 57 59 52 56 75 61 35 73 44 67 74 39 30 81 35 54 29 53 44 44 47 58 61 71 56 50 70 83 92 41 46 38 55 40 29 54 53 71 52 66 57 44 43 67 54 39 66 42 69 39 67 61 31 91 33 47 72 61 49 62 66 41 65 68 62 51 26 51 34 42 12 53 30 41 41 45 56 17 57 28 72 42 77 30 23 46 87 32 57 59 47 44 38 45 45 49 64 65 41 36 50 36 51 61 42 73 61 32 65 48 42 35 80 90 29 46 57 54 82 74 70 9 55 62 68 26 81 57 39 40 58 43 69 58 60 49 62 49 51 68 37 50 41 50 41 69 44 44 88 63 58 60 21 70 28 33 64 49 
42 53 49 50 57 51 50 32 41 31 78 21 48 61 58 75 55 10 57 42 64 62 57 65 72 28 81 91 48 45 44 49 41 43 34 59 51 41 82 32 62 48 96 43 75 77 48 87 54 74 49 46 60 31 47 61 44 60 23 34 44 67 51 33 28 44 59 52 52 61 43 13 32 46 64 13 50 42 35 43 25 44 41 36 45 64 62 45 60 59 46 26 49 63 39 62 58 51 80 52 59 56 61 62 62 53 32 69 40 57 62 30 64 60 38 61 38 52 33 22 68 63 87 33 92 50 50 45 50 52 49 55 30 69 30 52 65 35 54 49 45 37 68 41 46 27 55 37 31 51 51 96 43 16 66 41 42 74 73 41 71 72 55 32 61 61 60 24 64 74 34 34 53 48 65 40 59 77 69 78 83 65 9 41 56 44 58 42 27 37 62 15 61 63 57 49 49 47 76 35 
53 44 44 83 17 77 64 50 23 45 71 45 50 66 28 74 56 37 87 51 60 75 30 52 58 48 43 50 57 39 40 50 21 55 11 15 25 43 49 42 46 77 85 64 47 43 53 64 41 75 50 33 35 35 61 66 43 60 33 31 64 54 36 48 50 83 52 56 88 68 59 51 68 40 79 22 48 45 26 51 36 40 60 55 57 44 72 61 42 56 60 45 37 74 43 90 31 59 43 37 68 43 69 64 37 57 51 57 40 55 15 30 80 24 37 48 53 29 65 2 71 44 86 53 65 82 49 38 39 45 62 32 60 58 29 52 52 54 55 42 41 41 71 46 40 37 59 52 53 37 40 68 68 30 84 66 34 68 57 40 74 64 51 12 68 49 60 57 63 63 42 34 27 57 71 49 49 64 39 61 36 37 26 19 29 67 75 31 54 36 78 43 65 62 40 63 78 18 80 63 
63 52 45 47 21 50 66 31 50 44 59 39 33 46 72 66 40 50 66 59 79 43 73 28 45 39 66 49 50 42 63 45 30 31 34 49 33 60 46 71 55 30 63 61 52 68 54 100 48 65 72 49 50 15 27 100 30 58 39 50 63 17 60 38 64 55 79 60 66 64 78 45 40 59 57 5 25 58 49 66 49 42 48 72 38 61 58 35 82 42 26 58 39 52 49 85 51 64 57 31 50 80 62 57 80 23 36 78 48 61 30 28 63 48 52 55 51 40 43 43 47 29 56 25 67 67 45 17 39 49 56 60 38 48 45 21 67 55 54 51 27 25 59 53 65 50 53 67 61 40 54 39 79 28 86 35 65 67 27 51 65 43 48 12 57 58 93 50 77 58 44 43 36 70 82 55 53 54 27 70 36 69 20 37 37 45 46 29 56 40 67 50 57 62 85 60 49 47 68 60 
64 53 82 69 67 55 62 47 25 30 72 50 57 62 59 48 49 52 64 52 70 45 50 31 59 57 35 58 52 62 58 33 1 36 63 67 42 52 60 49 46 47 85 62 50 50 45 84 60 76 45 48 70 3 28 59 57 68 35 52 63 83 55 35 48 61 48 53 74 56 38 35 64 35 66 26 30 52 53 74 57 50 61 59 55 35 59 57 56 13 50 62 28 72 27 87 42 13 51 47 41 55 84 56 62 33 26 70 52 55 33 44 40 50 36 56 50 53 55 50 34 39 86 51 58 39 32 30 78 26 38 29 28 51 47 30 20 65 40 62 46 36 40 42 58 42 84 51 35 67 34 58 75 50 77 55 51 71 52 41 65 56 52 29 57 67 51 33 89 69 66 52 46 74 75 79 66 61 61 51 56 76 45 40 42 47 63 42 20 46 68 58 56 66 69 45 60 63 59 64 
59 45 98 80 54 56 54 46 55 54 27 25 45 56 58 81 46 64 76 47 52 45 74 50 31 51 37 66 55 37 66 67 36 50 42 42 49 58 12 39 76 58 64 42 68 52 56 100 51 78 49 20 59 17 40 72 60 42 29 25 47 55 50 32 46 76 54 62 71 55 36 38 43 35 69 22 52 44 65 62 63 53 64 62 35 44 66 36 95 54 53 55 57 76 30 76 42 32 55 54 60 67 71 45 53 16 77 71 59 78 11 29 68 67 21 53 36 61 60 40 69 46 72 51 79 47 30 50 53 65 62 29 64 48 46 39 70 45 45 36 49 52 57 40 66 63 46 35 53 18 40 44 60 40 61 57 48 60 42 26 62 52 46 25 71 57 87 51 72 36 50 13 61 66 52 39 41 65 44 47 46 68 37 10 31 48 80 64 43 40 59 39 55 78 19 76 55 36 64 58 
26 47 68 40 43 60 53 48 49 35 48 60 66 70 70 70 59 33 27 55 41 60 42 45 44 49 39 66 39 42 30 47 1 45 38 32 34 34 51 45 36 59 75 45 56 46 24 88 70 69 41 51 67 16 25 71 48 36 29 45 41 57 39 35 58 80 61 48 50 88 54 68 54 32 75 44 61 29 54 40 46 49 65 53 49 55 53 52 64 25 37 51 61 54 31 85 46 43 58 46 47 46 43 53 56 28 45 70 39 39 41 37 73 63 43 54 62 47 73 41 42 36 93 52 62 41 41 38 51 49 44 51 62 51 41 39 56 58 51 27 47 38 37 32 63 51 44 51 22 37 55 72 29 49 78 55 41 81 40 22 70 65 41 29 67 66 70 62 70 41 48 34 45 59 72 62 45 18 27 45 51 83 40 22 36 49 64 45 56 51 84 47 50 70 52 67 55 48 69 67 
44 59 100 67 52 57 42 34 62 60 82 35 46 62 53 49 71 27 45 39 62 69 51 39 41 63 48 76 74 27 59 44 25 38 50 38 14 41 69 32 60 72 66 59 66 32 54 77 74 67 67 63 67 63 47 66 53 64 44 34 45 25 34 38 69 78 49 59 89 78 45 47 35 37 59 35 50 40 45 60 19 65 60 63 42 66 68 47 50 60 49 41 68 61 64 57 46 35 68 18 54 71 57 59 49 60 60 89 69 61 39 24 50 61 31 83 31 46 64 40 51 53 61 54 75 53 42 43 68 42 53 34 76 23 30 12 46 67 56 27 59 72 60 18 56 54 56 45 49 48 51 80 48 66 75 49 30 46 60 64 89 60 56 41 78 48 68 76 94 46 32 74 52 60 86 73 61 51 29 22 53 73 25 42 23 51 40 61 43 24 67 58 62 61 58 74 53 58 67 62 
43 48 69 68 59 67 83 53 39 42 48 53 59 48 69 60 17 35 86 70 33 41 24 53 64 65 41 59 43 23 51 63 12 54 38 60 53 60 46 61 33 76 70 31 57 41 63 72 56 70 44 50 86 34 29 61 32 37 63 48 45 70 59 52 56 59 69 59 68 65 23 19 42 31 78 49 54 34 40 57 57 10 38 33 39 30 51 73 91 57 25 47 53 62 61 73 43 30 59 65 65 72 75 62 51 50 45 60 57 59 43 56 63 39 40 62 53 50 61 7 47 34 84 59 73 57 48 66 36 41 59 38 48 51 54 56 55 47 57 52 61 12 74 38 73 64 50 49 44 65 64 73 54 39 72 52 10 60 39 67 90 36 43 21 58 62 66 65 71 56 36 28 44 59 69 78 68 46 31 30 16 65 17 28 15 55 59 65 51 29 86 43 41 63 49 63 58 35 70 50 
41 59 88 68 47 35 69 42 31 36 56 35 69 50 57 50 47 38 46 58 65 35 46 59 18 32 52 51 46 46 68 45 3 59 36 51 40 57 32 89 63 66 90 64 26 73 66 53 65 70 50 65 50 36 13 70 44 38 36 35 53 81 33 31 16 51 51 54 69 62 72 21 73 48 54 21 34 40 66 43 42 41 58 47 46 58 61 21 69 54 57 42 52 67 58 61 60 44 81 38 69 49 53 54 54 50 45 50 69 66 29 52 42 37 29 61 66 37 38 31 46 57 54 29 45 38 61 32 53 43 71 53 50 44 45 64 76 58 65 53 75 76 62 62 48 59 79 64 56 31 22 47 41 53 63 73 45 55 55 50 63 78 56 39 74 25 71 58 63 72 72 47 47 85 83 65 43 51 64 59 43 58 48 70 52 78 41 48 60 27 76 48 53 43 44 65 44 29 52 55 
53 44 75 62 65 45 53 35 44 43 62 37 38 77 73 61 46 23 49 43 69 58 69 47 51 46 47 74 71 55 37 36 45 50 27 31 45 27 42 48 53 98 59 69 51 61 83 89 73 52 49 42 76 38 19 68 47 57 40 52 46 56 52 54 60 72 66 58 69 64 55 13 47 60 56 37 52 48 39 57 52 48 46 33 49 56 38 35 66 52 55 56 64 75 47 73 56 70 65 31 31 66 64 56 43 26 35 58 50 64 65 45 46 43 34 64 43 60 41 28 57 59 77 50 66 86 17 49 43 74 56 19 52 60 38 32 62 46 49 43 46 48 35 45 42 60 60 56 52 32 43 67 48 47 76 52 37 63 30 50 65 52 5 39 54 42 84 45 69 70 36 32 41 54 60 69 58 63 35 53 61 81 36 28 52 59 57 29 29 17 100 41 54 78 56 93 38 54 57 42 
51 58 14 43 45 49 47 74 78 46 40 73 53 27 25 42 42 60 52 55 47 72 66 53 43 75 33 34 51 53 43 48 59 58 53 53 56 65 51 38 51 40 44 37 43 52 61 44 43 16 42 45 42 89 62 29 50 47 52 56 49 56 34 60 53 32 38 44 34 37 43 59 54 82 49 89 62 63 53 40 56 83 49 54 63 56 42 48 28 74 53 49 54 47 64 39 60 76 45 57 46 47 27 51 45 39 56 38 32 46 72 75 32 35 68 27 56 60 24 56 65 64 28 46 16 39 61 71 50 38 31 60 62 50 55 71 40 52 48 44 46 61 45 56 54 73 55 58 35 53 56 38 46 62 41 34 68 34 60 63 44 37 58 77 57 47 40 25 28 43 48 55 46 54 11 47 60 42 52 72 50 37 63 68 35 58 46 44 59 67 20 59 47 65 33 30 45 58 20 50 
45 40 27 45 54 41 55 67 69 54 50 75 49 56 24 13 50 61 38 51 50 66 67 48 71 56 41 43 44 49 53 54 75 48 54 39 43 34 58 41 47 37 39 27 56 30 46 19 44 40 29 49 39 79 73 44 72 52 78 49 54 62 58 57 56 18 39 27 24 35 37 67 61 56 55 59 52 54 55 40 50 57 45 41 63 40 46 41 35 61 48 43 57 46 47 23 46 53 56 59 60 42 24 41 50 61 47 33 56 62 53 72 41 51 65 58 42 58 44 82 60 70 9 45 54 62 56 67 49 41 46 54 68 37 39 61 39 49 61 58 44 63 47 44 35 43 52 42 42 33 43 39 44 69 18 44 75 43 61 60 44 39 52 83 45 52 42 40 26 38 43 71 50 37 43 53 49 35 69 49 46 42 49 72 77 50 64 64 47 77 42 54 65 59 55 40 65 66 47 65 
50 32 28 43 41 55 41 65 56 76 48 82 48 42 29 45 41 73 30 56 46 48 44 62 49 43 43 39 46 65 22 43 82 52 46 41 54 64 74 45 49 20 25 49 49 66 46 27 36 51 61 55 34 76 72 21 52 53 55 64 39 61 37 82 47 34 55 41 41 34 38 76 47 97 29 63 68 62 45 40 41 33 57 49 81 42 48 46 34 47 32 60 51 44 55 13 51 60 50 61 48 26 39 50 56 70 62 41 42 35 80 76 55 39 62 47 43 65 37 72 41 57 14 45 33 35 63 57 53 50 54 27 62 51 69 57 46 70 61 45 21 55 31 66 63 67 41 52 68 65 47 42 41 71 11 28 63 35 61 72 37 47 61 79 51 29 30 28 48 29 63 65 50 22 44 55 44 51 58 38 57 49 56 65 64 55 30 46 64 50 27 67 36 32 45 46 49 57 37 53 
50 58 32 41 46 40 48 55 48 66 40 78 56 42 36 44 61 62 40 59 43 59 45 64 42 60 76 33 42 38 55 44 57 55 70 45 55 50 52 28 35 34 36 44 58 60 49 45 37 39 67 59 51 71 62 44 53 56 92 64 48 57 31 48 41 26 72 45 21 22 43 46 50 49 43 84 73 45 54 54 40 55 62 41 52 32 30 46 25 57 42 51 46 31 72 31 61 52 40 49 35 14 49 41 58 55 58 39 57 57 64 53 33 63 71 30 46 58 44 75 42 43 11 43 38 77 67 59 70 46 33 57 68 49 71 54 39 69 54 42 39 64 40 49 34 60 38 48 61 58 45 43 44 68 30 41 63 42 56 80 35 22 49 62 50 51 24 45 39 27 74 54 45 30 21 57 51 41 61 51 52 44 59 58 70 59 38 51 42 62 22 61 52 58 53 30 67 50 48 52 
29 56 36 35 60 25 51 54 58 66 53 77 40 36 34 44 54 58 60 70 59 58 62 50 65 55 62 42 63 57 42 57 75 51 69 68 58 49 52 44 39 50 36 40 57 37 55 12 42 36 56 49 41 76 65 53 38 38 72 60 33 44 61 61 43 42 41 63 38 33 50 72 51 79 42 69 52 60 48 44 53 52 27 58 38 36 60 54 36 52 54 62 48 48 80 42 52 65 49 74 38 52 35 39 42 70 46 23 43 27 74 54 52 68 69 36 57 67 61 69 63 58 42 42 47 82 65 64 36 50 33 45 40 44 72 59 40 51 66 40 61 56 42 64 46 61 29 54 65 33 55 44 49 65 22 58 77 42 53 69 27 35 53 82 45 55 34 42 21 29 62 48 39 37 38 43 51 32 46 57 55 26 54 51 55 48 50 54 50 44 22 47 30 46 67 39 46 68 54 64 
46 44 21 39 54 52 50 61 63 59 72 74 44 45 36 43 47 45 45 50 45 59 49 70 46 56 49 42 49 47 46 51 69 37 72 34 54 61 52 49 49 44 40 16 59 47 35 45 29 24 57 54 35 82 64 25 67 65 55 68 40 57 50 57 37 36 55 23 25 36 46 61 44 53 49 67 71 35 45 27 43 37 48 43 49 53 79 51 52 53 55 36 49 49 70 45 47 60 38 59 34 60 30 42 55 53 35 27 54 48 55 65 53 60 76 34 45 67 45 60 54 77 28 47 42 52 62 55 47 48 43 54 44 40 66 62 23 77 47 68 48 62 46 73 39 48 30 32 51 43 53 32 52 72 21 35 66 48 47 62 30 32 58 93 36 47 25 33 32 45 49 57 47 38 38 41 62 43 48 65 60 28 61 35 82 70 43 64 32 72 24 55 48 42 54 21 53 52 47 40 
53 44 26 35 68 49 29 51 52 55 25 73 45 52 37 26 56 76 52 40 57 58 65 52 48 47 64 43 32 43 46 46 77 49 51 57 66 43 55 49 37 46 27 13 73 44 37 37 18 57 56 53 45 65 72 30 39 44 62 72 57 52 42 63 32 17 58 42 17 30 52 45 42 71 37 84 58 51 62 42 73 47 38 33 68 48 39 44 18 60 55 55 62 32 51 29 46 61 53 57 58 40 42 48 38 65 48 36 55 27 71 54 51 51 58 39 70 61 44 61 53 61 24 50 39 63 66 52 74 56 51 63 59 50 47 62 37 59 35 48 64 53 39 44 55 40 39 49 44 35 63 24 56 69 16 27 64 50 37 45 36 21 46 64 54 31 42 57 22 44 62 52 46 35 29 36 48 55 58 47 48 40 58 68 53 59 43 49 43 67 43 47 56 39 48 35 44 54 38 40 
58 32 16 39 60 51 36 65 63 78 37 61 47 60 27 49 41 62 48 76 62 45 55 51 35 63 59 62 64 62 54 31 72 37 72 50 66 53 69 24 45 52 17 25 57 50 36 31 32 33 49 65 47 74 60 38 38 43 68 46 41 57 55 75 46 41 47 36 23 37 61 44 73 67 45 73 56 50 41 57 41 57 35 54 65 32 49 54 33 38 46 33 47 50 60 44 54 53 45 69 41 40 27 51 53 46 66 44 37 39 58 61 52 31 72 59 48 44 32 66 50 60 15 47 31 57 67 76 54 64 48 81 44 46 69 54 30 70 49 45 47 51 49 60 29 46 45 45 63 35 33 35 60 66 37 32 55 32 44 54 42 69 51 91 32 58 44 43 36 63 68 69 34 32 37 44 50 61 65 43 50 26 66 62 62 50 31 41 54 63 17 58 35 41 32 36 47 75 42 39 
48 54 31 46 53 43 28 60 53 49 50 78 58 46 29 45 40 50 56 52 34 57 52 66 59 64 38 65 50 44 46 49 79 42 73 42 66 50 45 34 53 56 34 34 49 52 59 26 43 58 48 43 55 67 76 25 50 55 61 65 61 47 70 58 48 31 55 30 16 11 77 65 40 80 26 72 52 39 53 49 40 57 57 40 65 40 52 64 33 63 57 76 54 37 43 20 55 52 27 45 39 40 23 53 51 60 68 37 39 14 74 59 37 35 49 45 40 63 36 63 59 53 31 55 51 38 57 69 38 44 39 62 66 59 47 82 56 52 30 36 51 64 40 70 42 50 40 36 65 54 47 30 46 76 32 32 70 19 56 63 22 57 56 81 44 49 21 57 20 49 55 48 60 50 44 34 41 62 66 53 41 40 65 70 58 48 44 50 59 48 26 67 36 31 45 40 31 70 53 54 
58 45 12 40 51 44 45 49 49 61 33 71 52 35 42 44 35 69 38 65 43 32 51 48 38 64 41 38 62 43 58 50 69 55 57 63 78 54 60 25 48 25 38 38 49 46 36 29 45 42 58 48 40 72 81 36 48 35 65 54 53 62 56 47 40 27 45 44 38 29 20 55 54 57 43 75 59 52 46 34 53 52 37 58 54 30 47 47 42 51 37 71 34 35 63 10 68 54 37 47 42 30 43 43 43 49 52 46 58 49 72 57 77 53 57 49 63 66 46 80 48 73 40 63 30 57 75 48 28 74 50 55 55 66 61 58 41 50 30 58 56 51 37 66 38 50 49 39 54 65 33 46 54 58 30 30 62 45 55 50 19 27 44 83 49 46 30 63 24 38 61 50 52 49 37 49 45 49 47 50 47 40 57 59 72 46 60 49 51 71 20 38 52 45 41 33 57 51 39 63 
55 40 29 41 44 50 51 65 47 61 35 68 55 41 51 48 42 74 47 64 37 41 41 45 51 71 27 19 56 56 53 45 61 56 62 37 51 56 60 39 35 46 22 51 42 37 46 23 45 40 47 56 42 80 66 28 50 41 73 58 57 58 49 68 73 43 42 49 27 38 43 65 65 59 44 75 53 46 67 49 81 67 53 52 40 46 38 64 33 53 57 64 52 39 75 31 51 46 25 48 42 34 41 42 39 48 77 37 57 44 52 73 40 40 63 39 63 57 62 71 39 48 35 59 16 51 57 56 44 53 38 61 71 27 64 51 48 61 55 50 56 64 27 61 56 61 46 62 48 48 46 19 50 76 31 35 62 28 45 61 21 35 48 80 25 39 47 66 32 36 53 63 36 52 36 61 42 38 49 28 36 33 65 56 48 46 42 65 68 64 38 69 47 59 44 49 45 61 36 53 
48 51 40 42 85 38 43 54 63 67 41 54 57 38 53 31 45 60 27 60 42 48 56 54 47 59 51 50 51 65 42 50 74 59 67 64 70 56 54 50 57 35 24 33 54 66 48 31 46 23 48 48 40 69 59 31 57 46 47 65 38 45 52 60 54 28 55 38 23 30 44 57 45 61 34 76 54 54 55 47 65 56 47 50 49 43 39 44 55 61 41 55 61 30 58 17 70 57 47 61 47 46 32 42 52 57 54 45 56 42 85 76 37 51 57 58 48 60 33 79 30 59 21 50 24 46 52 69 48 49 53 54 47 38 65 49 49 59 37 73 44 56 46 50 46 47 39 57 50 52 61 55 33 55 21 34 46 39 55 60 23 38 56 79 40 54 39 46 32 50 59 72 69 50 29 45 57 43 64 56 50 48 77 71 60 57 36 60 38 61 19 63 45 53 48 40 34 62 39 36 
44 57 45 41 86 54 43 65 63 55 31 55 57 48 47 44 52 59 39 44 42 67 37 68 53 61 44 43 59 48 47 54 87 67 59 61 61 56 56 36 56 49 41 39 60 37 49 20 51 37 30 53 57 82 79 20 68 54 62 43 29 60 41 54 50 35 32 38 35 36 31 67 60 55 43 91 67 45 46 37 51 55 52 36 60 43 48 57 26 54 59 53 39 49 70 19 51 57 37 58 54 26 40 46 29 58 51 33 39 46 81 79 45 52 63 49 46 66 50 58 49 58 48 66 30 44 56 73 54 41 48 67 58 54 63 82 44 64 57 58 50 76 39 48 46 58 48 34 51 57 47 50 39 57 25 52 51 43 49 72 36 45 50 88 54 36 25 51 26 37 52 58 55 31 20 46 50 49 80 39 63 32 72 67 68 66 65 53 45 61 29 58 43 38 18 49 46 46 19 50 
40 50 32 40 52 55 41 55 65 60 37 59 45 45 37 57 56 67 45 64 37 55 55 59 55 49 64 52 56 48 46 59 81 41 65 42 63 49 52 38 52 46 23 43 56 52 43 34 43 39 62 49 41 76 59 26 56 39 69 39 32 36 42 56 54 23 41 49 25 38 50 52 41 66 39 72 71 46 48 24 44 51 45 54 50 55 50 45 48 66 54 35 48 32 52 14 64 71 32 49 54 36 24 40 37 55 69 20 49 39 57 56 55 49 71 45 51 50 42 58 54 57 23 44 38 54 68 66 38 74 53 72 68 40 53 77 55 47 55 39 53 51 50 50 41 54 41 49 61 37 60 45 34 61 15 46 57 41 66 52 32 46 56 77 49 41 43 50 23 28 50 55 49 30 34 38 55 45 49 44 33 29 51 70 65 47 38 48 68 67 32 47 42 32 39 44 50 42 38 37 
37 58 17 36 49 37 43 60 42 60 59 76 43 46 34 20 43 64 25 53 63 60 47 48 64 54 58 40 47 66 35 50 64 52 54 45 57 47 71 36 41 46 39 47 33 48 42 20 56 23 49 65 39 70 57 29 42 56 72 68 49 43 50 79 48 21 47 36 39 34 65 73 61 67 44 75 46 57 36 47 37 51 45 39 60 57 48 49 26 52 46 45 35 29 56 22 63 56 42 61 42 43 36 59 45 72 58 46 44 21 91 71 33 45 75 58 54 44 53 62 38 58 35 43 36 54 62 42 40 53 39 73 42 53 55 60 29 53 49 63 53 52 40 61 42 41 40 59 44 74 59 53 49 68 34 48 51 40 59 65 30 32 69 61 43 44 23 52 24 50 46 69 50 36 33 44 59 34 66 54 68 29 64 80 59 48 39 13 46 56 27 56 55 38 76 37 41 53 42 54 
66 52 27 57 70 49 45 64 52 76 62 46 51 49 31 50 43 68 56 56 66 35 51 56 48 66 62 34 55 53 63 54 90 52 55 61 49 59 55 48 61 46 36 43 63 51 62 29 53 31 69 43 41 76 74 45 45 68 69 56 52 36 45 66 60 31 40 53 29 19 61 50 58 64 45 60 47 79 55 45 49 49 28 49 54 50 48 41 35 68 66 43 43 38 75 19 52 72 48 68 51 40 39 61 45 73 42 23 55 60 71 79 43 51 60 36 32 42 45 60 56 62 24 42 39 60 55 38 40 44 54 50 50 55 60 70 27 45 49 60 55 57 59 60 46 60 40 61 74 68 38 24 59 61 25 47 66 21 50 50 36 27 52 74 45 43 38 40 32 57 55 74 58 40 37 38 58 62 60 51 56 37 60 71 69 60 41 51 53 56 19 60 47 41 43 33 46 54 42 30 
58 54 12 29 43 49 45 54 51 53 39 59 46 41 36 47 30 62 41 61 50 54 52 69 52 50 52 35 28 61 43 56 73 58 60 53 61 54 32 58 45 41 36 41 38 42 45 41 32 29 36 65 41 51 63 33 48 37 54 57 48 55 43 65 43 30 52 43 17 28 56 62 52 63 30 68 43 53 56 40 70 40 37 38 60 46 39 40 51 45 59 48 35 34 44 38 54 61 24 66 39 32 36 52 45 42 41 24 51 40 66 67 47 49 71 26 69 64 42 67 50 56 32 49 28 59 55 64 35 54 61 55 49 55 62 75 45 43 51 60 44 44 43 78 39 53 45 64 54 66 48 20 60 47 19 55 76 32 40 47 25 35 50 67 49 49 36 37 9 39 74 48 46 44 28 37 36 55 61 60 48 33 75 67 70 48 60 34 55 68 32 54 43 28 50 42 41 50 52 54 
58 54 27 32 51 46 24 49 64 52 43 65 42 44 45 20 76 67 26 39 63 46 58 50 40 37 53 49 62 67 37 49 73 59 59 46 49 42 55 48 45 33 38 51 55 65 42 24 41 16 59 46 38 74 58 36 65 45 54 48 50 43 47 51 36 38 37 30 47 27 70 68 45 59 35 72 61 67 42 61 46 66 56 53 59 64 41 45 32 37 70 50 39 50 49 9 46 69 54 47 36 36 29 34 61 59 65 35 54 47 64 60 37 58 65 55 48 48 38 86 43 62 15 42 37 47 45 40 51 57 41 69 56 58 54 64 42 57 40 49 38 63 14 65 49 58 55 58 52 46 58 28 49 73 13 33 69 41 59 43 25 51 62 94 42 38 39 33 34 41 63 60 59 47 40 36 36 59 54 60 71 43 70 67 78 46 51 39 57 60 15 72 47 35 45 26 40 64 44 59 
54 42 16 49 53 65 45 54 61 67 44 67 40 41 44 49 55 61 55 52 39 73 51 66 67 69 59 42 54 63 27 33 96 52 70 50 61 52 55 41 43 43 12 36 79 25 37 36 40 27 41 47 35 65 78 41 55 61 73 75 46 33 53 74 56 43 49 58 29 25 45 67 44 47 42 76 60 54 49 56 46 57 59 51 36 43 40 72 24 42 48 44 50 40 46 46 49 43 34 52 41 30 42 50 48 43 64 54 45 41 65 68 56 49 59 42 46 59 62 60 40 60 41 58 40 63 52 69 67 52 34 50 46 57 66 54 25 44 44 53 48 50 40 39 39 54 37 50 44 74 60 54 52 61 36 27 63 46 51 65 38 26 64 81 20 69 49 56 31 41 58 57 62 40 29 36 58 45 64 42 49 30 63 39 61 22 57 45 43 68 27 59 40 43 45 52 50 60 41 44 
63 51 15 51 57 56 44 56 39 61 54 63 64 22 39 54 51 64 56 53 45 50 39 56 54 61 63 33 33 48 62 54 68 52 69 63 62 63 53 35 59 28 35 43 53 52 31 27 21 42 59 57 35 51 68 33 56 52 62 53 51 44 46 55 48 21 54 43 33 39 44 78 54 66 47 77 47 58 69 53 56 46 55 68 55 43 48 53 30 39 52 50 42 29 57 30 45 39 38 69 56 36 41 52 52 71 64 34 35 47 48 67 55 51 82 43 52 48 55 64 39 45 27 33 34 36 72 48 61 42 50 66 50 34 58 70 41 60 45 52 52 46 49 56 45 54 50 51 47 69 64 19 47 56 21 45 65 34 62 55 46 60 76 63 48 55 25 51 27 34 57 60 56 47 33 51 48 40 65 38 40 35 62 77 46 47 41 67 71 81 22 53 45 26 57 16 50 49 25 74 
497 499 494 494 505 490 483 494 493 488 494 498 504 484 489 509 479 490 497 496 
