 10 50
 12 13 24 19 24 24 15 13 11 20 11 11 23 20 20
 10 16 14 16 24 22 22 20 12 22 14 15 23 24 24 13
 10 23 23 24 23 15 24 11 22 11 16 17 23 24 15 19
 20 12 25
 19 20 16 18 20 13 17 22 13 24 17 22 24 20 19
 18 11 18 18 16 12 11 23 17 10 13 14 12 21 24 18
 24 16 20 12 13 20 19 23 16 24 13 25 12 21 19 10
 22 18 23
 15 23 20 16 18 19 23 17 14 16 24 19 20 23 22
 24 19 19 24 11 19 23 15 15 10 12 11 17 11 22 21
 23 10 19 18 25 21 22 16 25 18 16 11 11 14 11 15
 23 18 11
 14 20 14 21 19 22 18 10 23 16 23 22 17 15 12
 16 13 21 18 23 22 20 18 16 20 15 16 19 13 22 22
 20 11 19 25 12 21 23 18 16 21 19 17 16 25 12 14
 20 12 13
 20 24 17 14 13 25 20 15 22 12 16 12 20 10 17
 21 14 13 16 13 22 16 21 19 16 12 19 13 25 13 19
 16 25 11 13 25 11 22 15 11 13 17 23 13 16 12 18
 13 21 22
 24 14 20 11 17 13 20 14 22 12 22 14 16 10 22
 11 23 22 18 14 19 20 20 25 16 18 11 19 18 14 10
 11 11 11 25 23 18 15 18 15 18 12 11 19 15 20 17
 24 20 11
 14 21 19 23 21 15 19 17 23 17 15 11 15 14 14
 16 21 19 15 23 15 24 16 25 11 16 13 13 25 16 24
 16 18 15 17 16 22 23 16 17 12 14 12 15 17 14 21
 23 20 21
 21 22 23 23 14 21 11 24 18 23 24 13 24 21 12
 12 18 22 25 12 24 24 18 21 19 22 20 23 12 20 24
 24 12 11 15 19 17 14 17 22 15 24 16 23 11 21 24
 25 23 23
 22 24 14 16 22 21 18 25 20 17 19 11 21 19 24
 13 22 15 18 25 21 17 18 25 19 17 20 10 11 20 24
 11 15 25 18 24 14 25 25 23 14 12 12 21 16 23 16
 24 12 13
 16 11 12 20 22 16 25 17 17 25 24 15 19 24 16
 17 10 24 16 13 20 16 23 20 11 22 22 19 21 14 17
 11 11 23 11 17 23 15 16 13 14 15 20 20 20 10 23
 25 24 18
 17 7 7 24 12 13 6 11 6 17 12 8 16 24 24
 12 19 16 15 23 17 9 9 7 14 15 20 11 18 19 14
 18 20 15 13 14 6 18 12 8 20 10 7 7 10 25 20
 14 9 17
 10 15 13 21 22 13 15 7 20 13 16 24 25 7 12
 19 24 6 15 6 23 21 5 21 21 11 15 11 23 10 23
 19 18 14 14 5 23 24 21 21 5 14 20 20 6 9 15
 23 16 10
 19 8 9 19 15 19 12 8 19 6 23 25 22 13 21
 7 24 10 11 17 9 20 25 20 15 21 10 23 24 6 6
 6 22 17 9 11 9 18 8 8 15 24 18 7 9 5 18
 5 7 20
 19 10 7 8 22 5 16 23 9 17 25 17 7 23 17
 16 20 11 22 20 16 15 15 14 19 10 19 11 24 10 15
 21 22 24 8 12 15 18 18 21 5 13 20 7 10 18 10
 25 18 25
 17 14 13 19 24 22 11 23 22 24 20 18 13 7 18
 5 24 15 8 19 23 15 20 5 11 11 12 7 15 16 21
 15 11 22 19 7 14 14 20 6 11 19 16 14 11 9 25
 11 15 6
 13 18 16 20 8 21 5 21 9 18 7 21 24 16 23
 25 15 22 23 8 5 14 19 16 23 18 6 14 15 7 5
 21 23 15 12 21 13 7 20 10 18 19 19 18 23 5 11
 13 18 14
 13 11 9 6 9 14 10 21 9 9 18 22 11 13 18
 7 11 17 6 15 21 5 10 16 22 18 13 13 5 16 11
 8 17 12 5 9 12 11 22 12 8 23 19 7 11 12 19
 24 8 18
 15 21 9 8 15 8 10 17 19 22 25 14 7 11 21
 13 25 18 13 24 5 6 12 7 8 9 13 15 22 18 11
 8 24 7 7 20 6 22 21 14 9 11 17 12 9 8 5
 10 15 12
 20 8 9 13 18 16 25 9 16 7 10 20 23 24 13
 20 16 18 18 15 18 9 19 15 19 6 14 7 25 12 20
 15 17 15 24 9 24 7 12 24 6 22 20 23 19 15 20
 11 14 21
 5 16 7 6 13 24 16 17 9 15 8 17 20 18 9
 16 21 24 14 22 23 19 9 11 11 5 8 24 12 22 20
 23 14 19 5 14 7 23 12 22 9 19 8 21 13 18 19
 6 6 21
 67 70 77 74 71 56 62 57 63 60
