 10 60
 16 25 25 19 16 20 16 16 18 16 18 16 21 18 17 20 16 18 19 15 19
 17 15 25 22 24 19 22 15 25 19 20 18 25 24 20 23 21 24 19 18 25
 21 18 22 15 15 24 17 24 21 19 18 24 18 17 23 24 16 21
 20 20 21 18 23 15 20 25 17 15 23 15 18 24 18 22 20 24 15 24 24
 18 18 21 19 16 25 16 21 21 17 25 15 24 25 21 23 19 23 19 25 23
 25 23 16 18 21 23 21 15 24 21 20 21 22 16 23 21 24 22
 25 19 17 21 20 23 22 22 20 15 17 25 19 24 19 15 18 15 25 23 15
 15 23 20 18 22 24 19 24 15 18 15 15 23 25 19 19 19 20 24 22 25
 21 15 16 22 23 15 15 24 24 15 18 24 20 25 18 16 17 15
 18 25 20 19 16 20 16 19 16 17 23 23 16 17 16 24 21 23 24 17 23
 16 15 23 21 17 23 23 17 24 24 21 19 24 23 25 18 17 19 17 17 20
 21 24 15 24 25 24 23 15 23 18 22 16 23 16 21 17 21 25
 16 20 24 17 17 23 17 17 17 18 22 24 23 23 20 23 15 21 25 17 15
 18 19 21 23 18 21 21 24 18 21 15 20 23 23 23 23 19 16 24 22 20
 22 19 24 24 18 25 23 15 18 23 22 17 23 17 25 19 25 18
 19 15 22 21 21 17 15 24 15 24 25 21 25 19 17 23 21 20 16 24 24
 23 24 23 16 23 20 20 17 17 19 19 15 19 23 19 19 22 20 15 23 19
 24 19 25 23 18 15 15 15 15 19 16 19 24 17 17 22 17 15
 23 24 16 18 24 23 16 21 21 19 15 22 24 18 17 17 16 22 18 16 17
 20 19 16 19 18 17 16 20 18 18 18 19 18 17 16 16 18 25 25 19 25
 24 21 25 22 22 18 18 16 15 21 15 17 22 23 15 19 19 18
 17 23 23 23 16 17 23 19 17 25 16 20 24 22 17 19 25 17 24 18 18
 20 23 20 18 24 18 18 18 17 21 22 23 24 17 20 21 19 16 19 15 21
 19 24 18 22 24 15 16 21 24 25 17 22 17 22 15 18 19 16
 16 25 24 17 15 25 16 15 16 25 25 20 19 20 15 18 17 23 22 15 25
 19 22 22 16 17 18 24 21 19 22 23 25 15 25 24 25 15 15 24 20 24
 25 20 15 25 22 17 21 23 25 17 16 23 20 19 23 24 20 20
 19 20 15 18 23 21 20 23 15 24 25 24 21 20 21 25 19 15 20 21 22
 15 25 24 18 16 16 22 23 20 21 22 15 21 18 19 22 18 23 25 18 16
 20 20 15 25 18 23 17 22 24 23 22 20 21 18 19 20 22 24
 5 5 6 14 22 22 18 5 6 15 18 23 17 8 8 25 13 24 18 14 6
 13 11 13 14 7 11 9 20 8 6 8 15 9 9 19 22 21 8 12 6 11
 7 20 11 23 14 19 23 20 10 6 16 13 24 24 10 20 14 16
 11 11 14 11 8 15 17 18 19 5 10 23 15 10 12 6 11 22 19 12 22
 12 7 7 21 9 7 20 11 19 6 20 22 5 14 21 15 17 17 19 5 22
 5 5 17 24 12 16 19 11 6 12 24 18 24 23 13 11 20 19
 6 21 24 14 12 18 23 25 10 10 7 7 25 17 24 8 17 5 8 24 6
 13 15 17 14 5 25 5 19 20 15 18 16 9 7 18 6 7 10 6 25 24
 6 7 15 18 13 13 22 20 19 7 17 5 18 18 9 16 20 17
 24 15 16 25 21 16 5 15 21 23 15 23 13 19 18 13 16 7 11 20 5
 17 21 14 14 7 10 17 22 6 21 18 7 19 8 16 21 24 20 8 16 14
 10 24 14 9 24 12 23 15 8 25 6 13 25 6 15 21 5 17
 20 16 20 6 25 16 19 20 12 7 24 13 14 18 22 20 17 21 6 13 13
 25 19 25 19 7 24 5 24 17 25 15 14 10 8 13 5 20 17 22 18 7
 5 24 23 10 13 22 16 15 9 13 11 24 7 14 18 11 17 6
 13 23 15 5 21 17 16 16 18 18 19 5 19 21 24 7 16 6 19 14 15
 15 8 25 6 24 8 18 10 17 13 19 20 8 8 16 11 18 17 15 18 8
 6 21 12 15 12 21 22 17 20 20 20 16 6 11 17 12 19 11
 18 21 16 19 21 11 21 22 12 14 20 19 19 7 7 8 19 21 22 11 8
 8 12 12 7 5 5 23 8 11 15 11 24 9 21 18 25 10 19 19 10 13
 21 5 15 16 5 22 12 24 24 18 24 14 6 9 10 15 25 20
 8 13 20 9 19 15 12 25 8 18 20 12 25 17 15 7 15 9 23 25 6
 20 5 9 21 16 21 10 22 10 17 25 7 21 18 5 25 14 25 13 17 11
 8 17 18 13 9 20 5 12 19 16 14 15 8 22 22 11 14 16
 18 24 15 20 8 12 11 23 24 8 23 15 24 22 17 17 8 13 18 6 21
 13 9 18 8 16 16 12 25 20 24 9 21 18 17 9 25 17 20 12 18 17
 15 10 19 11 8 9 18 5 17 23 14 17 6 13 20 23 12 23
 13 10 21 6 18 23 9 24 9 10 5 12 19 11 24 6 21 14 10 22 18
 22 12 6 15 25 21 15 13 17 24 12 13 12 20 13 18 24 11 6 9 17
 21 18 24 15 16 14 24 10 11 16 5 25 21 16 24 12 24 13
 66 69 69 74 75 72 72 72 76 75
