 10 40
 24 18 17 19 19 24 20 23 15 25 21 18 18 18 19 20 25 15 23 21 25
 21 17 21 22 19 20 17 18 19 16 22 20 21 21 16 24 16 20 24
 16 16 23 21 25 20 16 25 20 19 24 17 25 24 15 18 25 20 23 15 16
 19 17 16 15 16 18 19 20 18 21 21 17 22 23 25 22 17 16 19
 25 19 20 25 20 20 24 20 24 20 23 21 18 20 18 20 22 22 20 15 21
 17 22 20 24 24 15 21 15 25 18 21 24 17 20 19 20 18 22 20
 21 24 18 18 17 17 20 17 21 20 18 18 22 23 19 25 19 21 23 20 17
 21 22 22 18 22 16 16 19 23 15 21 17 18 22 17 16 21 18 19
 24 16 19 15 23 22 17 23 25 16 22 17 21 22 22 16 20 23 21 25 18
 16 25 22 18 21 22 24 19 19 21 20 22 25 25 20 25 22 15 22
 19 25 18 18 24 22 16 22 21 19 15 18 16 22 25 25 23 16 20 18 15
 23 19 16 19 20 21 17 23 21 18 16 21 18 20 16 16 21 16 16
 18 16 24 18 17 20 19 24 17 18 24 18 24 22 16 19 23 22 18 21 15
 15 17 24 18 20 23 21 23 16 19 24 19 15 22 20 25 20 22 17
 25 24 21 15 20 22 17 17 16 20 24 15 15 16 22 17 22 22 17 20 22
 20 16 24 17 15 18 23 24 22 21 21 18 21 15 20 18 18 16 20
 15 18 18 17 21 23 24 24 18 24 18 19 16 25 19 17 19 24 15 19 19
 19 22 24 15 21 18 19 21 16 20 25 24 24 21 16 23 25 24 22
 20 24 18 21 20 23 25 17 20 15 21 25 23 16 24 17 17 23 25 20 21
 23 22 21 17 19 18 23 20 17 17 20 23 23 16 25 21 19 22 18
 19 8 16 19 11 25 20 5 23 11 20 8 18 5 12 13 12 6 11 8 8
 23 17 9 18 5 6 23 9 24 24 19 23 13 10 5 11 24 10 22
 9 22 15 17 7 24 19 19 11 6 17 18 9 23 14 20 7 17 23 7 15
 8 16 16 9 25 6 5 5 25 7 18 5 18 6 10 8 10 16 18
 20 22 15 23 25 25 6 5 14 23 11 5 20 6 5 7 8 9 17 6 8
 13 22 19 5 18 13 20 16 12 23 25 11 19 8 21 9 22 8 22
 6 7 15 8 11 16 17 14 7 8 20 14 23 13 11 25 5 25 18 5 8
 20 9 9 25 23 6 15 20 24 7 19 7 6 7 12 5 10 17 12
 25 12 10 20 12 24 20 14 21 5 20 9 12 13 22 23 14 14 14 25 21
 5 8 11 19 14 17 15 25 13 14 16 21 8 6 19 7 6 22 20
 10 16 19 14 9 18 15 10 19 6 10 11 7 23 24 14 12 5 25 16 13
 8 13 25 9 24 15 6 11 24 14 9 24 6 18 21 20 21 10 10
 6 8 20 24 9 24 24 10 21 20 12 11 8 24 5 8 10 25 5 6 9
 8 20 16 14 7 25 11 10 24 17 23 13 16 9 8 5 15 21 23
 12 5 20 13 21 15 11 15 22 20 13 8 18 20 5 20 14 12 22 15 19
 7 22 16 15 15 23 19 20 16 10 20 20 11 14 15 12 22 20 22
 22 24 10 12 19 20 14 16 10 11 9 15 17 25 5 14 21 24 24 19 15
 10 24 9 14 24 15 16 19 14 14 22 13 17 10 11 6 16 12 9
 7 8 12 24 12 14 7 11 19 15 20 21 7 5 11 11 6 16 25 14 23
 13 9 11 15 9 25 14 25 24 25 10 19 14 25 18 21 21 9 21
 45 44 46 42 49 46 45 51 49 49
