 10 40
 20 16 15 25 15 16 17 20 22 21 22 18 16 21 24 19 23 15 20 22 23
 22 16 23 19 17 20 25 21 16 15 17 17 17 19 16 20 16 22 17
 16 20 19 23 23 18 21 19 22 17 16 20 25 17 18 18 19 15 20 23 15
 24 24 23 22 18 15 21 17 24 18 17 22 23 21 15 17 16 24 15
 24 22 15 20 22 20 24 17 16 18 18 22 24 25 20 18 17 15 17 19 23
 22 20 23 24 18 20 21 23 23 20 23 22 16 25 15 24 20 16 23
 23 23 25 23 19 21 15 25 20 21 18 15 17 21 24 23 21 16 18 24 18
 16 23 25 20 16 25 15 19 23 25 22 17 25 24 17 18 17 21 20
 25 21 21 20 22 15 16 17 17 20 20 22 22 22 17 18 18 20 22 19 18
 17 25 25 21 15 18 22 18 16 15 25 17 23 18 22 17 24 22 25
 21 22 18 25 21 15 20 20 21 17 22 15 18 16 18 24 21 18 21 22 23
 17 25 21 17 24 21 20 22 15 21 20 24 22 22 21 22 16 24 20
 19 18 20 19 20 20 25 19 20 23 17 16 19 24 17 23 24 17 22 23 16
 22 21 15 17 19 17 15 19 25 15 22 16 23 21 24 16 24 24 24
 21 21 21 25 18 25 23 21 25 17 19 25 20 25 15 17 20 23 21 15 24
 20 15 22 24 15 21 21 25 25 19 22 22 16 16 19 18 21 15 25
 25 18 22 19 19 18 17 19 21 17 16 24 23 25 17 16 24 19 20 17 23
 19 20 23 18 18 25 23 18 19 23 25 23 24 22 16 25 23 19 22
 15 25 23 21 21 21 19 24 23 21 20 16 25 19 20 17 23 22 20 19 16
 18 19 17 25 17 16 24 24 20 21 25 16 23 16 19 24 17 17 18
 5 11 18 13 21 19 25 14 9 22 12 20 21 8 20 11 14 10 10 11 23
 5 21 16 22 6 16 24 18 15 13 10 15 20 7 13 13 24 24 22
 18 25 6 15 15 17 25 20 9 21 24 18 8 21 23 20 12 10 11 17 17
 16 12 8 19 19 24 14 12 23 6 17 19 13 21 24 12 13 22 12
 24 20 14 15 18 14 24 12 9 21 19 20 10 23 8 23 22 6 11 23 9
 11 12 25 13 21 18 7 16 25 7 24 25 5 21 24 14 10 15 6
 22 8 11 22 6 6 20 12 13 13 18 18 13 13 5 9 12 22 5 16 11
 19 7 19 16 7 8 8 24 8 18 19 17 21 24 17 9 23 19 12
 22 6 21 14 12 20 9 19 15 7 21 25 21 25 11 19 19 25 11 9 5
 9 15 12 13 10 6 21 13 9 20 23 19 11 20 7 17 20 16 9
 17 22 24 6 13 15 11 16 20 6 21 22 12 25 14 6 15 12 13 5 14
 10 5 21 20 23 19 7 5 10 8 13 18 14 16 9 8 9 17 9
 5 14 25 20 18 13 24 13 22 7 25 13 9 15 9 19 12 8 11 6 14
 16 25 19 24 11 5 25 24 7 19 20 14 24 11 21 12 6 5 18
 7 14 5 25 14 20 25 18 14 12 20 18 17 7 15 6 25 5 13 23 24
 25 13 18 14 18 5 12 20 6 12 8 25 19 19 9 24 8 21 22
 11 10 24 25 20 21 20 21 11 20 10 9 13 17 21 18 16 6 21 18 21
 25 11 7 20 21 22 7 15 11 14 15 21 22 10 12 7 14 9 14
 19 21 20 16 10 25 22 7 6 17 17 22 23 17 20 18 24 24 15 15 10
 14 11 7 9 23 6 13 23 23 23 20 14 8 10 14 10 21 8 7
 49 52 51 45 48 44 48 50 50 50
