 10 40
 17 21 25 19 24 22 24 20 23 15 16 17 23 21 20 21 22 19 24 22 16
 23 24 16 24 15 17 17 19 19 25 18 21 15 21 23 18 21 19 16
 16 16 18 15 16 22 20 24 25 23 20 25 15 16 22 19 22 16 23 18 21
 24 22 22 17 25 15 24 16 16 18 20 15 15 16 24 16 20 17 21
 25 24 24 18 20 19 25 17 19 19 22 18 19 19 24 22 22 20 16 25 19
 25 19 21 20 24 20 20 15 24 23 23 17 15 24 20 23 19 19 22
 21 18 19 21 23 15 17 19 25 25 15 20 18 18 15 21 22 16 25 17 17
 16 15 17 24 25 24 22 23 24 20 17 20 16 24 18 21 22 20 16
 23 22 15 17 25 25 24 20 21 23 17 23 21 18 18 22 18 15 15 21 19
 24 16 19 20 16 23 17 15 24 15 24 19 21 17 16 16 22 16 24
 19 17 19 24 25 23 19 15 22 23 15 22 19 19 17 16 22 19 20 22 25
 15 24 24 24 22 22 19 21 23 24 17 23 17 20 22 20 25 19 20
 17 25 23 21 21 16 18 19 20 19 17 21 23 16 19 23 23 18 24 15 19
 22 25 21 19 17 25 18 22 21 16 15 20 15 19 24 25 18 15 21
 15 23 18 15 24 18 16 24 25 24 17 25 21 22 22 18 20 16 16 23 23
 23 15 24 20 20 18 25 16 22 20 23 15 17 19 16 18 16 16 23
 18 23 24 21 18 16 18 24 16 21 21 23 25 17 19 20 17 15 23 16 24
 21 22 15 19 22 22 17 25 21 16 15 21 20 25 21 16 17 15 21
 21 16 17 18 18 23 18 22 24 22 21 17 24 25 24 15 25 17 15 19 20
 20 25 25 18 25 17 21 21 15 24 16 24 17 22 15 22 19 24 17
 9 14 23 14 12 6 15 16 15 12 14 18 9 22 8 23 6 19 6 8 8
 15 7 16 24 5 18 16 13 13 11 7 19 19 15 21 20 18 11 8
 21 24 24 19 14 22 9 24 19 24 11 23 18 22 9 9 14 15 21 5 25
 5 20 13 7 6 8 16 21 22 5 18 10 20 8 9 14 9 5 22
 18 12 6 14 17 7 24 20 19 10 13 25 23 7 6 9 17 9 6 21 24
 13 18 5 21 21 15 11 15 15 15 18 21 9 22 8 8 18 13 12
 23 7 9 13 7 17 14 10 17 9 11 22 25 19 12 5 20 5 24 22 7
 11 24 19 8 15 9 21 11 9 15 12 18 25 8 14 20 21 22 8
 7 8 13 10 12 25 7 5 14 17 16 15 10 9 6 16 6 23 23 10 16
 5 16 11 23 15 6 13 12 21 10 15 21 12 14 14 24 22 13 5
 17 9 22 8 19 8 7 11 14 14 17 23 25 21 12 20 8 20 9 5 8
 16 16 23 22 20 17 21 11 12 9 15 21 17 13 18 23 6 8 20
 14 12 24 12 14 5 24 11 13 21 15 18 14 18 5 11 21 16 5 17 6
 10 21 11 13 24 13 25 10 21 11 22 11 16 15 17 21 11 21 24
 22 20 21 12 17 24 21 7 9 23 13 11 19 17 17 20 14 10 11 16 8
 7 21 16 24 9 16 15 10 23 10 13 9 6 18 23 19 22 13 18
 6 11 16 17 6 8 18 24 19 9 18 18 7 13 11 20 19 22 19 20 14
 10 6 6 25 7 8 18 19 17 6 25 13 12 22 23 8 12 5 19
 7 14 11 6 11 25 18 10 9 10 13 23 12 17 11 14 12 19 20 8 8
 8 20 25 19 21 25 23 23 11 19 13 21 25 20 22 16 8 24 20
 44 48 46 47 43 48 49 49 46 51
