 10 60
 18 20 17 17 22 24 25 24 18 24 20 21 22 17 20 21 23 21 19 25 19
 21 21 25 23 21 23 18 19 20 25 23 18 22 20 20 15 17 22 15 15 18
 16 17 20 23 23 24 21 16 22 15 24 23 23 25 17 18 17 19
 17 19 16 19 25 21 24 23 23 22 15 20 25 24 19 21 20 19 15 22 20
 20 22 18 16 25 25 18 17 25 16 18 16 17 20 25 21 17 22 15 20 18
 17 19 15 21 16 16 23 19 25 22 20 17 23 25 20 18 22 20
 20 17 16 24 25 24 16 20 25 20 16 22 20 25 15 17 21 16 22 24 17
 16 16 17 18 17 17 18 19 23 25 15 19 20 17 16 20 19 21 17 18 24
 20 15 23 23 19 25 22 25 24 25 16 23 25 16 18 18 22 25
 22 17 22 23 19 16 22 19 21 24 17 25 15 15 18 17 24 19 21 15 17
 23 21 15 22 21 23 18 15 15 21 20 21 21 19 22 23 20 18 17 24 17
 15 19 16 15 23 20 15 18 25 15 20 22 21 15 24 25 21 24
 23 24 25 25 15 20 20 25 21 17 21 20 20 24 23 22 23 16 21 25 25
 21 17 19 21 24 22 25 16 25 19 24 21 22 22 20 20 22 16 24 15 21
 21 22 21 18 20 16 15 20 22 19 17 16 25 25 21 17 23 18
 15 24 16 16 15 22 18 20 24 19 22 18 24 22 22 16 22 16 21 16 21
 24 17 23 22 20 17 23 19 23 20 21 18 22 16 15 22 15 22 16 21 25
 17 18 19 23 22 22 25 19 21 25 23 16 21 15 19 15 21 22
 18 16 19 22 20 15 18 21 22 19 20 22 17 25 18 20 16 24 21 23 23
 15 16 23 20 22 17 21 23 17 20 23 25 16 17 22 25 24 24 24 19 15
 23 19 17 18 18 24 18 19 19 21 21 18 19 17 23 20 15 18
 18 22 18 24 23 16 21 23 20 20 16 24 24 18 19 15 22 22 15 23 21
 23 25 24 18 16 17 19 15 19 18 19 22 21 22 16 15 16 15 21 16 20
 19 18 24 24 16 23 16 15 19 20 19 17 17 24 20 23 18 18
 15 15 23 15 19 23 22 18 22 17 24 24 20 23 19 16 16 25 25 21 24
 22 18 16 25 23 16 25 22 15 24 17 15 17 22 21 15 23 22 20 16 21
 22 23 16 19 22 17 24 22 25 23 24 22 23 21 19 15 23 24
 21 22 17 21 25 22 20 22 23 21 15 23 20 15 22 15 24 22 21 16 21
 16 21 16 17 19 23 25 17 17 24 21 15 15 20 19 19 22 21 20 22 25
 24 15 19 17 23 22 21 22 17 24 16 21 25 25 16 17 21 25
 25 24 16 25 5 14 10 14 23 21 20 22 22 12 22 9 15 17 23 7 14
 10 6 6 8 22 14 14 21 25 23 20 17 5 17 13 7 25 21 21 25 16
 14 7 9 7 7 15 22 14 25 17 9 19 20 6 7 6 22 6
 12 19 20 18 22 10 6 18 20 22 19 24 17 7 7 11 8 13 17 11 24
 10 25 18 6 25 9 16 15 9 17 15 8 5 13 16 12 20 18 23 6 10
 24 25 19 14 13 24 16 13 6 19 10 16 12 5 8 13 13 7
 14 25 19 5 13 7 24 20 8 6 13 7 19 15 18 21 20 9 7 14 19
 14 25 13 7 5 18 14 12 10 20 8 21 21 19 13 25 8 9 7 14 14
 11 16 7 11 21 21 25 13 13 5 5 20 23 23 25 13 19 7
 20 15 11 16 20 21 20 17 7 8 10 13 5 6 24 22 6 5 9 25 5
 9 7 9 20 5 13 25 5 12 12 23 16 21 13 6 8 5 21 20 8 20
 15 7 11 25 20 10 11 9 13 24 18 6 11 19 6 23 22 7
 18 8 23 16 20 22 23 13 6 24 5 25 23 8 21 12 19 8 8 13 17
 5 9 7 23 18 8 10 12 17 22 23 25 14 25 5 15 20 23 21 15 16
 13 18 21 18 5 24 22 17 7 10 14 7 24 14 9 8 13 16
 13 25 24 22 5 10 22 22 9 18 10 21 23 21 8 22 9 25 24 19 21
 8 8 18 17 5 13 11 13 9 22 8 12 23 7 22 15 16 10 7 9 8
 17 7 5 21 8 17 9 16 5 21 13 5 17 7 19 8 24 10
 20 24 21 17 20 21 25 16 6 25 12 25 21 16 22 21 6 25 13 14 13
 11 11 22 7 8 9 14 14 20 12 5 14 6 16 11 18 17 10 19 7 9
 13 22 24 15 22 7 5 16 10 21 24 17 15 19 14 8 25 6
 10 15 16 25 15 12 14 20 24 22 19 8 9 7 23 22 25 14 23 22 23
 21 11 21 6 24 11 25 18 8 25 23 22 25 9 18 16 17 12 24 25 16
 8 11 13 9 13 20 6 21 14 17 24 21 15 17 17 15 17 5
 20 5 15 10 6 24 6 10 25 10 20 21 13 25 22 14 19 12 22 13 18
 15 17 6 16 12 19 14 20 6 22 18 7 11 14 12 20 6 5 11 14 18
 6 7 12 17 24 17 8 5 19 23 6 15 10 21 18 23 15 12
 5 19 18 25 25 14 23 21 22 11 15 21 19 11 6 5 21 14 17 10 19
 13 5 20 23 19 21 9 12 20 23 14 21 12 24 25 16 6 25 12 5 6
 18 25 19 17 12 24 12 12 11 18 17 5 22 8 20 13 17 6
 74 70 70 65 74 69 74 80 69 75
