 10 60
 20 22 15 15 25 20 18 17 17 22 16 19 24 22 25 17 15 16 22 19 21
 16 17 17 15 24 25 23 23 17 25 19 23 17 21 17 24 24 16 15 18 18
 23 23 15 18 23 22 18 17 19 24 25 16 18 18 15 21 23 17
 17 22 15 18 17 17 24 21 21 16 19 22 21 19 18 19 23 19 15 20 16
 20 18 19 18 16 19 23 20 24 18 15 15 17 18 17 18 25 21 22 18 22
 24 22 16 17 23 17 22 22 23 23 19 15 22 15 24 22 18 20
 18 15 24 22 20 15 19 15 23 17 15 17 23 21 20 15 18 20 25 23 21
 23 17 22 15 21 16 25 24 18 25 18 16 19 19 17 15 16 17 19 22 24
 24 21 20 20 22 17 19 18 16 16 25 17 15 24 15 17 24 23
 18 22 24 23 18 22 24 17 20 22 23 24 18 21 16 16 22 21 17 19 17
 15 20 15 19 20 18 16 23 23 20 19 20 18 23 16 18 16 24 25 20 20
 22 15 21 23 21 19 16 22 20 15 18 23 15 23 19 17 24 16
 22 19 20 24 25 15 17 25 17 15 24 16 17 23 24 23 20 20 18 18 23
 19 17 24 18 15 22 17 24 25 23 19 21 15 24 19 24 20 17 25 20 22
 25 24 19 23 21 20 17 17 16 18 16 17 15 24 23 21 19 21
 15 21 16 22 21 15 18 17 17 16 24 20 15 15 21 23 19 17 15 22 25
 25 16 16 16 20 17 15 19 21 16 25 24 23 22 24 20 19 24 21 19 18
 23 20 15 21 20 15 22 23 15 24 23 23 17 25 21 23 18 18
 24 16 16 23 16 19 25 20 20 19 21 23 24 18 24 24 21 18 25 22 15
 15 16 23 17 21 23 21 19 24 16 15 19 25 21 17 15 23 16 25 23 25
 25 19 22 22 22 25 23 20 23 25 16 24 18 20 23 22 20 24
 23 20 24 16 17 18 16 16 24 25 23 25 15 17 23 16 21 18 17 23 16
 22 15 21 16 25 24 19 15 18 19 17 16 19 16 22 22 18 24 24 21 25
 15 21 16 20 16 17 24 16 25 23 21 19 16 17 19 17 15 21
 19 21 22 17 15 20 25 24 16 20 19 25 24 25 19 19 21 19 25 20 23
 15 22 21 16 16 21 23 25 22 22 23 19 15 25 18 15 19 19 21 15 17
 16 21 19 18 24 24 24 22 20 18 19 25 16 25 18 17 22 23
 19 19 22 19 17 17 23 25 22 17 19 18 19 16 23 22 24 17 18 20 24
 24 23 25 17 23 16 22 16 17 25 18 21 19 22 25 22 17 18 16 21 23
 23 25 18 19 15 21 19 22 18 19 23 17 16 17 19 16 23 21
 23 17 23 17 10 23 21 14 11 17 16 16 21 20 9 24 15 6 23 15 22
 7 14 5 7 20 10 22 8 9 23 24 6 11 25 20 22 5 9 13 25 5
 18 8 10 15 23 21 18 23 11 6 8 11 12 12 8 14 10 19
 12 15 10 24 25 16 21 25 9 10 18 14 17 22 7 15 15 18 18 24 25
 19 13 22 15 7 23 12 8 5 16 8 24 23 19 7 13 9 23 5 10 8
 8 25 19 10 11 16 16 20 22 25 17 23 15 9 18 13 11 8
 18 10 24 25 13 10 24 12 25 21 17 13 5 18 25 8 16 12 7 23 8
 24 15 14 22 7 20 21 16 17 15 23 22 16 11 12 20 21 14 8 21 10
 5 7 21 14 8 9 21 25 8 14 7 17 13 12 16 7 21 6
 20 25 21 7 5 25 7 19 12 15 25 11 8 6 25 12 9 22 5 13 18
 25 19 6 15 7 14 18 8 22 8 10 9 8 19 16 7 13 10 7 11 8
 5 11 23 6 10 24 15 22 8 12 11 16 16 11 12 16 16 6
 12 11 21 21 15 10 11 10 24 20 20 9 11 21 14 12 17 12 5 17 22
 20 23 17 10 5 19 5 17 22 17 12 19 14 21 17 18 21 6 16 14 13
 10 11 15 8 7 21 18 12 11 21 15 6 14 25 6 12 24 20
 21 7 11 6 14 8 5 5 9 24 20 25 17 8 7 5 19 5 8 21 7
 8 11 24 19 17 16 16 7 17 23 8 20 13 14 16 25 19 19 15 21 13
 19 12 9 20 24 5 9 10 7 18 10 24 17 11 5 25 12 25
 18 20 23 17 16 23 24 21 6 22 7 21 24 10 24 12 9 9 21 21 14
 5 7 23 25 23 14 6 5 8 13 25 13 11 23 17 17 9 20 21 21 15
 7 14 18 5 20 20 23 21 12 18 7 20 10 24 16 15 9 19
 20 12 20 21 6 5 25 19 12 5 25 8 25 15 5 7 21 14 10 13 5
 5 8 5 15 8 24 15 8 5 10 21 10 16 23 17 19 19 9 18 8 5
 23 20 13 16 6 5 21 8 22 18 9 21 19 18 14 7 25 5
 19 10 23 5 8 15 21 17 16 6 16 6 19 10 7 11 14 20 24 18 22
 22 14 6 10 9 11 17 7 14 23 6 16 16 13 18 15 13 9 23 16 18
 18 7 21 20 24 25 16 18 21 12 20 21 13 16 22 15 18 24
 21 22 5 14 23 8 21 9 25 23 7 23 5 25 18 18 24 23 20 16 21
 21 12 17 12 19 22 22 14 19 17 19 15 22 17 9 18 12 8 21 14 17
 6 12 13 6 25 23 19 13 25 25 5 17 7 25 25 23 7 19
 72 74 73 64 71 68 76 66 74 81
