 10 40
 15 22 22 22 23 25 22 25 21 23 19 24 18 24 19 22 18 23 21 22 22
 16 24 16 21 17 25 25 24 21 20 23 21 19 23 19 15 19 18 24
 16 19 21 18 18 21 21 16 16 17 21 25 19 24 19 19 24 21 17 24 24
 23 18 19 25 15 22 22 24 23 23 19 19 19 22 19 25 16 24 25
 19 20 16 21 15 17 22 17 21 20 18 21 21 25 24 16 23 19 19 24 21
 19 19 24 15 25 16 15 23 22 25 17 15 21 18 17 17 16 16 25
 18 23 24 17 17 25 24 15 16 22 24 17 22 19 18 18 25 20 18 22 23
 15 19 15 24 22 19 15 24 15 25 21 22 17 23 25 17 20 19 21
 19 19 16 22 24 15 20 19 22 20 23 20 18 24 20 16 16 19 18 25 20
 16 24 22 15 23 18 20 19 18 19 18 23 19 20 23 20 19 21 17
 23 16 19 15 19 20 21 24 18 22 21 25 25 23 22 23 15 19 18 20 15
 22 21 25 25 16 17 16 24 22 15 17 20 24 24 18 22 21 18 17
 22 21 15 25 23 16 24 22 23 15 20 22 15 15 24 21 16 20 20 22 15
 23 21 23 21 24 24 24 21 16 19 23 18 24 25 21 18 18 20 21
 21 19 15 20 23 24 16 19 18 20 17 15 21 18 15 16 17 19 18 17 20
 22 24 15 18 19 18 25 20 21 18 18 15 20 16 17 19 16 21 22
 21 18 25 15 20 18 15 15 16 25 21 24 16 25 20 21 18 18 25 20 25
 20 16 20 19 25 15 22 20 19 15 23 17 19 18 23 24 18 19 17
 19 17 21 19 17 15 23 15 16 20 20 21 23 23 15 18 18 19 24 20 24
 20 18 15 15 21 16 24 22 16 15 15 19 20 22 23 19 21 24 21
 25 14 15 6 23 24 7 10 9 11 8 8 11 22 6 14 25 20 20 25 10
 6 19 13 18 22 17 21 9 15 7 18 20 19 5 19 12 9 17 6
 7 8 6 23 5 19 18 14 23 10 15 8 7 19 12 25 15 22 6 9 11
 12 18 21 25 20 8 16 10 13 18 8 24 14 24 6 24 6 7 6
 13 5 24 5 9 9 22 12 12 20 25 14 9 17 16 18 19 10 15 5 16
 8 10 12 22 21 11 14 24 20 11 21 18 15 9 19 18 8 10 14
 9 22 9 21 22 25 17 20 20 25 8 19 24 7 18 5 19 6 18 20 20
 18 13 5 10 25 20 6 9 17 7 9 13 21 13 9 21 17 11 20
 7 23 21 13 19 22 25 22 18 5 5 8 8 17 22 14 10 12 11 22 15
 23 9 15 18 10 15 6 9 8 21 7 16 23 16 12 9 8 5 14
 12 25 18 22 13 25 22 23 23 11 21 8 20 10 25 18 12 18 5 19 9
 5 20 16 23 14 13 16 14 25 7 14 23 17 14 9 13 17 15 11
 5 10 24 22 23 10 15 11 15 8 9 25 15 5 15 10 10 22 17 5 15
 13 21 23 15 20 11 5 14 11 8 23 8 9 21 18 6 7 15 19
 22 25 13 14 11 11 24 23 9 12 7 14 20 22 13 16 25 21 13 19 25
 18 8 5 10 6 5 18 23 25 24 16 6 23 11 21 16 17 20 17
 7 24 6 7 22 19 9 19 20 23 8 16 25 22 11 12 10 12 9 24 7
 21 16 7 23 7 6 9 5 13 9 16 10 19 12 15 13 5 15 18
 5 16 23 12 25 8 10 17 5 11 16 14 23 17 14 19 14 20 22 10 21
 15 25 17 10 12 16 8 24 8 9 9 17 10 14 8 13 7 14 18
 46 44 46 49 45 51 44 51 44 46
