 10 50
 22 11 13 14 17 24 23 14 15 16 18 18 21 19 20
 11 11 23 25 15 22 12 23 11 14 12 15 14 21 12 17
 14 18 16 22 16 21 15 19 17 14 14 24 19 15 15 16
 18 18 16
 12 15 24 22 23 15 22 16 22 14 12 24 16 23 17
 11 19 14 20 15 18 23 17 18 24 14 22 16 14 11 18
 11 23 10 18 23 19 18 14 12 21 19 19 12 14 13 19
 13 19 24
 16 25 18 14 11 14 14 22 23 15 13 14 19 19 15
 15 20 25 19 17 13 14 20 16 18 21 25 13 10 15 12
 14 15 15 16 20 13 16 14 15 18 17 11 23 10 24 12
 24 11 19
 20 12 11 25 11 24 25 20 20 23 23 23 25 12 11
 18 16 16 13 15 24 23 16 20 12 18 16 17 12 24 11
 19 23 20 15 12 18 23 15 16 23 23 14 13 16 16 17
 19 24 19
 20 11 13 21 19 11 16 24 22 20 14 17 20 13 17
 13 18 11 18 16 18 24 11 24 12 25 21 15 13 13 12
 17 14 24 13 20 17 22 23 10 16 15 20 21 24 15 16
 15 12 15
 21 25 20 20 16 10 13 25 20 11 24 13 18 16 25
 10 14 10 15 21 20 12 11 14 14 10 16 11 17 11 11
 15 13 20 20 20 12 11 19 18 21 24 18 12 16 19 10
 16 12 10
 11 19 16 17 23 10 17 23 15 15 14 16 16 20 20
 13 15 17 18 15 10 24 17 12 25 13 14 18 20 14 16
 24 13 11 12 16 18 22 17 22 23 21 10 18 22 15 13
 21 13 18
 22 24 11 22 14 21 17 22 21 23 15 20 12 24 11
 24 21 22 11 16 15 14 19 23 21 15 13 13 23 24 22
 16 17 21 23 11 19 16 15 16 18 16 19 11 20 25 18
 17 15 22
 15 18 13 11 16 19 14 23 13 10 19 22 17 15 23
 21 16 20 24 16 14 10 14 21 20 13 24 24 19 23 11
 24 22 14 21 14 10 22 25 11 17 13 20 21 12 14 10
 25 24 22
 16 19 16 22 13 12 16 19 22 22 13 19 25 16 16
 11 13 13 22 22 21 18 17 18 16 13 24 11 13 15 18
 20 18 18 24 25 15 17 25 23 11 19 21 19 16 13 25
 14 24 22
 5 16 18 15 20 23 6 14 23 20 9 14 20 24 7
 20 22 23 14 8 18 11 16 12 15 21 15 17 14 5 16
 6 25 22 11 17 9 10 23 12 23 21 6 18 19 9 8
 18 15 15
 9 7 17 20 9 18 17 21 10 7 24 17 18 18 23
 9 18 13 12 15 5 21 12 6 21 8 24 5 13 6 22
 14 22 10 12 17 25 14 16 20 20 17 6 18 23 15 15
 20 12 22
 11 15 12 18 6 15 21 11 19 7 23 13 25 13 10
 6 12 14 8 15 12 19 20 6 18 7 22 6 8 16 24
 5 17 24 10 10 14 14 16 10 10 19 22 8 19 11 13
 13 9 20
 17 25 10 7 9 6 19 13 21 13 17 16 20 5 18
 12 7 11 14 12 11 22 22 23 9 8 6 8 20 15 10
 12 16 21 14 21 22 10 14 13 20 25 6 24 23 25 18
 24 7 10
 10 10 23 14 18 15 6 18 17 17 19 13 25 19 16
 24 21 24 11 20 6 20 24 16 8 19 16 20 24 19 15
 15 12 12 19 9 15 11 5 10 6 23 22 18 12 25 16
 12 21 20
 22 11 14 13 18 16 22 22 19 18 10 19 20 7 16
 12 22 16 5 7 16 6 10 20 19 9 10 24 8 20 22
 17 14 12 25 18 7 10 7 18 25 17 20 25 6 19 20
 25 18 18
 12 21 15 8 19 8 21 18 16 16 23 5 16 12 20
 20 14 14 10 21 12 20 14 11 22 21 22 6 24 21 22
 21 10 9 10 22 13 20 7 7 21 11 22 7 17 22 21
 12 22 24
 14 8 18 10 17 18 18 8 11 25 7 11 7 23 16
 11 17 10 20 14 10 15 9 8 23 13 17 18 18 15 13
 13 11 25 13 15 17 13 25 18 15 20 25 21 12 11 11
 8 16 7
 19 18 13 24 18 22 20 15 9 12 13 6 15 9 21
 20 15 12 9 12 12 17 10 21 15 15 15 23 20 6 15
 6 17 9 12 16 22 19 24 8 23 12 10 15 20 24 10
 19 10 6
 18 12 25 22 11 22 12 17 16 6 13 11 9 14 11
 8 13 13 6 19 15 20 16 18 6 11 23 9 24 8 5
 9 16 24 7 13 20 24 22 18 19 18 18 16 22 10 7
 18 18 5
 64 67 72 70 72 61 61 55 60 64
