 10 50
 10 25 22 21 24 20 17 21 13 23 16 20 16 16 17
 20 19 24 21 16 13 20 15 10 11 17 18 24 11 20 17
 22 11 15 22 22 19 15 15 24 11 20 16 17 20 13 24
 19 20 24
 10 17 16 21 16 24 13 18 14 12 18 18 15 24 24
 15 12 12 11 11 13 14 14 15 12 13 10 11 19 22 13
 21 24 21 15 24 16 25 23 13 21 12 13 16 18 20 23
 18 19 18
 23 25 12 24 16 24 16 14 11 23 14 15 13 23 17
 12 13 18 16 16 10 15 11 21 13 14 12 18 24 25 21
 22 18 12 15 14 13 15 21 15 12 10 13 24 25 19 17
 11 21 10
 23 10 10 14 25 13 13 11 19 13 24 13 19 19 20
 18 15 11 10 13 25 12 18 24 11 17 18 22 19 11 21
 23 25 22 15 22 21 11 17 16 21 24 11 15 14 11 14
 11 23 17
 11 18 14 13 20 17 14 21 18 15 12 11 13 15 11
 23 15 17 24 17 20 15 19 14 16 13 15 19 16 21 11
 13 14 11 19 17 21 11 18 15 11 20 14 17 14 20 16
 18 11 21
 17 10 22 24 12 14 10 21 15 25 17 15 15 14 13
 16 13 19 12 21 20 15 12 22 20 22 10 16 24 24 15
 12 24 14 18 23 19 23 20 13 13 22 11 18 25 15 24
 18 10 19
 12 25 20 21 22 24 12 22 14 15 15 12 17 17 11
 23 14 23 14 13 20 22 11 21 19 12 18 24 16 11 22
 15 11 14 16 18 17 22 16 22 19 17 10 19 12 21 13
 18 22 23
 11 18 14 23 18 11 15 19 17 12 18 19 25 24 14
 17 21 20 21 13 20 11 21 17 18 12 15 17 15 11 18
 18 16 14 18 24 15 19 16 24 13 23 17 13 12 15 18
 21 13 18
 16 24 19 17 25 22 24 15 21 12 15 13 14 22 11
 24 17 20 13 13 13 17 18 17 14 24 23 22 16 14 18
 14 17 20 11 21 18 17 24 12 10 19 16 17 11 19 24
 17 20 23
 13 23 21 23 24 16 15 15 17 19 22 21 21 24 14
 10 18 11 24 16 15 19 18 15 15 20 11 24 20 23 17
 10 10 12 18 22 25 19 22 16 12 11 17 12 19 24 20
 17 22 23
 20 16 7 12 15 19 9 23 10 15 20 23 20 20 9
 16 5 16 14 8 19 18 23 13 12 17 6 14 14 19 21
 20 11 12 20 24 7 18 11 15 22 6 7 6 8 9 17
 16 24 18
 8 11 17 22 7 11 20 9 17 13 12 7 7 13 11
 21 18 16 17 8 18 10 11 18 13 9 6 11 20 9 14
 22 8 11 15 23 23 21 15 21 10 10 15 9 21 9 15
 15 10 16
 17 22 5 6 7 17 13 16 9 13 19 20 6 10 24
 24 6 8 7 14 9 11 11 20 20 22 13 6 9 20 9
 9 16 18 17 8 12 14 18 23 11 14 19 17 21 23 20
 22 12 19
 25 13 9 21 10 15 15 20 6 21 17 11 6 8 14
 23 11 22 14 18 20 17 16 23 16 11 7 23 8 21 6
 6 5 22 12 21 18 18 10 21 8 23 23 15 20 8 24
 20 7 12
 24 11 12 12 7 22 18 14 17 16 10 13 13 12 5
 15 15 25 6 13 24 6 19 22 18 6 8 22 20 15 11
 10 10 22 14 18 24 16 14 8 15 16 15 9 7 6 5
 12 17 18
 18 21 24 15 15 16 6 6 8 16 10 16 19 23 24
 24 11 7 12 6 8 15 16 12 25 16 18 12 10 9 23
 6 19 16 24 17 12 15 12 10 16 11 11 7 17 24 21
 20 22 18
 8 20 16 19 16 18 24 10 20 19 17 19 13 18 8
 21 8 15 12 14 6 20 15 13 22 12 17 15 21 23 8
 22 17 7 14 24 22 22 19 7 19 17 17 14 8 17 15
 21 14 8
 12 18 16 18 7 18 8 16 18 11 15 16 18 9 20
 22 12 23 16 9 22 16 24 19 6 23 17 15 21 23 15
 24 7 15 11 23 19 14 13 8 23 23 22 8 15 11 11
 18 18 11
 21 21 23 13 11 20 7 10 20 10 18 12 17 25 7
 20 19 12 18 18 11 22 24 19 10 17 11 19 20 18 15
 11 19 20 14 5 16 18 9 14 24 8 12 15 19 7 19
 10 25 20
 12 18 16 10 19 19 16 8 13 24 8 19 6 8 11
 23 10 11 22 16 14 17 9 17 22 9 12 7 23 10 5
 24 6 18 17 18 20 6 16 6 10 5 23 10 19 8 7
 13 22 6
 69 69 68 70 72 60 55 58 61 57
