 10 40
 17 17 16 22 24 15 19 21 19 25 25 16 18 19 21 17 15 20 20 15 20
 17 23 15 16 21 25 18 23 15 22 22 15 24 25 24 21 19 23 18
 21 20 19 22 20 18 20 17 15 21 16 17 15 21 25 22 24 20 22 20 16
 25 22 24 25 23 15 25 21 15 16 19 18 23 22 19 16 15 19 15
 25 21 23 16 16 22 18 25 23 23 23 23 21 18 19 19 19 22 22 20 16
 25 19 24 18 18 18 16 23 22 25 25 22 24 16 19 25 20 15 18
 18 16 21 19 25 25 24 17 18 25 20 21 22 23 20 22 25 25 19 22 23
 19 17 16 16 21 25 21 23 20 20 15 18 21 21 20 17 15 24 22
 19 18 21 25 25 21 23 15 16 21 18 23 21 24 23 23 20 20 23 24 15
 24 20 20 19 18 17 21 24 19 19 17 24 17 23 18 25 22 17 25
 25 17 18 19 25 23 23 17 17 21 24 18 19 15 16 21 24 20 15 25 22
 16 17 16 24 15 19 17 25 16 25 21 20 17 25 22 15 16 20 15
 22 24 22 17 21 24 15 23 23 17 16 25 16 17 23 19 17 16 25 24 22
 16 18 22 17 16 22 15 17 20 25 17 23 23 18 24 15 19 25 23
 16 25 22 16 25 19 20 22 16 22 23 25 22 18 23 25 20 15 19 20 20
 17 20 17 21 25 16 17 17 24 18 21 15 17 18 20 15 21 19 18
 22 16 23 23 17 15 20 23 20 19 22 21 20 16 21 17 19 18 15 25 25
 15 17 22 23 20 21 19 20 19 17 22 25 20 18 22 16 23 16 21
 25 24 24 20 18 19 16 22 25 24 19 23 23 19 15 22 20 24 17 24 20
 23 25 23 18 17 20 18 16 21 21 16 20 15 25 15 25 20 17 15
 18 9 22 18 13 10 13 15 7 13 13 13 23 7 13 8 18 10 6 19 13
 19 20 17 24 15 16 23 17 13 18 9 17 17 5 5 16 16 9 17
 10 10 15 12 15 20 10 8 5 12 13 5 21 18 12 12 16 5 10 13 13
 9 15 14 21 19 5 23 11 9 21 20 23 9 8 22 13 17 19 7
 25 19 16 18 15 12 5 17 9 18 23 7 22 9 13 7 20 13 25 13 16
 25 6 12 10 25 14 23 16 6 22 12 17 7 15 10 25 5 20 25
 5 5 19 23 22 18 12 12 16 16 9 19 13 11 21 10 12 19 10 17 18
 8 17 5 13 21 24 9 15 11 10 21 5 14 21 8 9 7 13 11
 22 24 17 12 14 10 19 11 23 24 12 18 8 18 20 24 18 14 23 24 13
 15 5 25 11 9 13 20 5 17 15 12 22 12 8 6 7 17 18 17
 5 9 11 10 18 7 25 24 6 15 21 6 9 9 25 20 5 25 21 24 18
 21 19 12 21 11 22 10 22 23 7 10 13 5 22 15 17 8 6 19
 10 18 23 7 14 16 5 25 5 16 21 17 5 12 24 21 19 23 15 15 8
 21 16 17 16 9 17 25 11 20 24 25 6 20 19 12 19 9 25 5
 10 13 16 21 17 22 8 23 10 9 21 18 12 6 6 24 13 19 18 9 11
 13 8 20 24 8 12 10 24 6 25 11 21 21 10 10 16 15 24 15
 21 17 6 12 22 11 12 6 7 14 19 9 7 18 18 9 25 13 20 22 21
 5 17 16 12 13 18 18 5 6 24 25 9 17 13 22 23 23 8 15
 25 19 10 15 22 17 24 7 12 24 6 18 22 22 10 19 15 9 10 18 5
 24 22 17 9 20 7 14 21 5 22 24 7 20 16 17 7 9 7 14
 45 43 49 43 49 47 50 47 47 48
