 10 50
 20 14 17 16 12 13 23 25 12 14 24 20 22 13 11
 11 17 21 14 14 19 17 11 17 14 15 16 11 19 16 21
 19 20 23 17 12 16 17 24 11 19 22 18 14 11 23 16
 13 23 12
 17 11 13 13 14 16 18 13 25 25 25 16 14 11 18
 12 24 17 16 18 10 16 21 24 18 11 22 10 17 19 20
 24 23 11 13 13 12 15 14 15 12 22 18 23 13 12 11
 25 13 11
 20 15 11 25 21 11 13 11 24 24 14 19 13 12 11
 12 25 21 12 15 19 19 18 14 12 24 23 11 17 10 17
 23 16 23 15 10 20 12 10 21 11 25 21 18 10 18 24
 13 15 24
 19 18 20 20 17 18 10 15 12 15 11 19 17 24 11
 24 11 23 21 25 22 23 22 21 15 14 11 22 18 16 16
 11 12 19 22 15 18 16 13 22 17 17 21 15 21 12 16
 12 16 11
 13 23 20 15 20 21 11 21 14 24 18 22 25 15 16
 12 22 15 17 10 24 21 21 18 17 11 24 23 11 17 23
 24 15 15 18 21 13 13 20 10 11 10 17 24 21 14 21
 18 22 15
 14 16 14 16 19 19 16 14 12 23 11 18 25 24 25
 14 20 23 24 16 11 16 16 15 10 12 17 17 11 15 24
 14 20 14 12 23 20 17 21 25 22 15 22 20 17 19 19
 18 11 13
 11 13 21 15 14 23 11 20 13 24 13 12 11 12 19
 10 23 14 23 15 19 16 23 15 24 13 19 18 22 16 24
 22 12 24 12 16 13 11 16 22 12 21 18 15 22 12 18
 15 13 16
 11 10 16 18 13 21 16 19 25 21 24 12 14 12 17
 20 10 12 12 23 20 12 22 25 23 14 19 22 24 22 11
 24 18 14 19 19 22 23 14 24 21 14 19 16 23 14 22
 16 18 18
 24 21 21 19 21 15 16 10 12 17 18 18 21 20 18
 15 24 13 12 15 16 22 12 11 25 14 23 15 12 18 25
 11 20 23 25 17 21 15 17 20 20 17 25 11 12 16 19
 17 23 11
 11 16 15 15 17 22 22 21 13 16 15 11 18 23 17
 23 16 23 25 15 12 12 22 17 11 15 19 24 22 15 21
 12 14 23 12 13 22 17 19 24 21 14 23 22 19 12 21
 12 21 15
 5 22 22 15 13 22 6 20 17 16 6 22 18 22 9
 21 22 23 21 6 9 18 12 9 5 24 24 21 6 8 17
 7 13 12 11 23 5 12 15 25 20 8 6 10 12 15 7
 11 9 8
 16 19 17 23 9 6 22 18 17 18 12 15 12 24 10
 23 16 25 16 16 22 7 14 23 6 17 9 9 8 6 7
 15 10 17 8 15 22 7 20 11 9 6 20 9 18 5 15
 5 12 19
 17 16 20 16 22 21 13 20 9 18 20 24 16 20 15
 5 18 5 18 24 9 23 7 11 25 17 12 16 6 16 22
 7 21 6 16 21 11 23 8 5 12 24 8 8 15 13 21
 8 16 18
 15 12 20 23 9 22 14 9 17 15 10 11 8 23 13
 17 7 17 15 16 15 8 19 6 11 8 15 20 13 11 10
 12 11 12 22 11 13 18 7 6 13 23 23 18 17 10 18
 17 13 23
 17 21 18 11 19 24 11 23 15 7 14 13 18 6 18
 19 15 8 17 5 20 18 16 15 10 21 16 24 25 17 23
 22 20 9 15 13 15 18 15 15 22 12 6 16 19 23 24
 25 10 23
 23 16 24 21 14 24 11 8 7 16 16 13 19 6 7
 11 24 19 20 24 13 23 19 25 17 12 9 11 6 20 19
 23 14 12 21 17 22 23 11 7 8 11 17 17 25 14 10
 7 21 21
 12 20 15 17 21 8 17 9 9 19 6 21 5 13 17
 18 17 8 11 7 17 14 6 6 18 21 13 12 18 14 19
 11 19 10 5 19 8 22 18 14 17 23 14 5 16 22 18
 20 13 10
 9 14 14 24 11 9 14 21 21 21 8 18 23 21 25
 11 24 16 24 6 15 24 14 6 25 9 8 24 12 25 23
 11 19 9 8 10 11 18 6 12 12 20 6 11 10 22 24
 11 8 21
 6 16 24 8 7 11 22 21 7 19 6 19 17 12 22
 22 25 22 19 22 15 17 19 21 7 16 8 6 9 14 12
 10 14 6 22 5 7 5 14 6 9 19 19 11 16 5 16
 8 6 8
 8 18 10 17 18 10 16 20 17 6 23 15 5 8 6
 9 8 23 8 18 16 15 14 23 11 24 16 23 14 8 25
 17 17 21 18 22 17 11 17 14 11 7 18 23 16 17 24
 5 12 21
 69 66 71 70 70 56 56 60 57 66
