 5 20
 15 12 16 15 20 18 11 14 23 14 18 13
 11 15 17 18 20 11 20 24
 22 14 10 15 12 21 24 16 17 22 11 15
 18 15 18 23 22 23 21 13
 25 11 22 10 22 17 22 12 21 21 16 14
 23 21 14 17 25 18 15 15
 23 13 14 25 21 18 23 19 17 18 20 20
 22 24 23 13 17 22 20 21
 15 25 22 14 17 21 16 21 20 12 15 18
 17 21 20 20 13 14 23 14
 11 11 5 25 10 17 16 20 5 20 14 10
 15 6 11 14 13 8 15 11
 17 17 12 23 16 25 13 16 19 16 24 17
 24 6 6 16 25 21 5 18
 13 13 20 17 8 7 16 9 23 18 21 24
 11 15 12 24 19 23 13 12
 6 10 18 16 12 25 17 7 10 6 20 20
 9 20 11 21 6 9 20 23
 7 14 18 24 7 24 18 19 18 23 15 16
 14 9 16 25 15 20 23 17
 42 54 52 47 55
