 5 20
 22 19 13 18 24 21 24 22 11 19 15 15
 18 11 14 11 21 14 25 22
 13 16 12 18 13 13 16 12 19 21 18 25
 20 22 25 22 16 19 18 18
 21 20 20 19 10 22 22 22 23 23 17 13
 13 20 14 14 24 10 25 13
 22 14 18 24 11 14 10 21 15 19 23 23
 13 23 20 19 19 18 18 15
 22 12 25 20 16 16 19 11 15 21 11 19
 21 24 20 16 11 12 15 10
 18 9 14 10 18 18 12 22 19 15 21 20
 7 14 15 6 13 15 18 15
 10 23 23 23 24 6 14 7 16 13 23 6
 7 7 21 11 24 17 16 23
 15 6 13 13 18 7 22 19 18 6 23 9
 10 13 21 23 24 17 16 15
 25 7 13 9 23 14 20 9 16 18 22 8
 12 13 9 7 11 7 9 19
 15 12 10 8 22 17 13 21 11 10 6 20
 17 11 10 24 21 18 12 7
 49 51 49 43 46
