 5 20
 11 19 24 11 11 23 15 25 17 20 15 16
 10 19 23 17 14 20 18 14
 13 16 20 13 24 23 24 23 12 21 17 20
 22 11 25 12 10 14 17 15
 16 14 13 21 19 22 13 10 16 15 22 16
 24 19 23 19 24 10 23 10
 17 12 20 13 21 24 14 14 14 16 12 15
 24 18 13 17 18 18 12 11
 19 22 23 14 11 14 18 13 25 18 11 10
 21 21 25 20 11 11 13 13
 18 6 5 16 21 16 19 23 16 20 14 18
 11 20 5 13 7 10 5 13
 12 16 21 10 17 7 19 8 24 19 6 18
 24 12 8 18 22 25 12 18
 7 22 23 12 23 18 6 23 14 8 16 10
 20 12 14 13 13 11 19 15
 6 23 7 10 13 14 11 17 10 14 22 9
 18 7 19 15 19 5 24 13
 16 10 19 14 7 18 25 14 8 8 7 8
 22 24 16 18 16 11 8 9
 45 51 48 45 46
