 5 20
 12 24 13 11 20 12 19 17 19 22 19 22
 13 12 10 12 13 13 25 16
 25 24 22 10 21 17 21 17 13 15 15 15
 20 20 19 14 17 14 12 20
 21 11 15 16 11 14 22 22 12 17 15 15
 11 18 13 19 20 25 13 13
 24 15 19 17 24 20 21 18 25 15 14 23
 10 11 23 22 18 19 24 22
 14 18 20 14 15 25 13 19 17 10 18 13
 21 17 22 18 17 10 20 12
 13 6 12 16 23 15 20 9 6 18 21 21
 13 9 23 19 16 9 25 11
 16 9 9 16 11 17 21 21 23 12 6 20
 20 19 12 20 21 24 13 6
 21 7 6 7 6 15 18 7 24 12 24 8
 14 25 21 21 22 23 16 19
 10 23 16 8 11 14 5 25 23 11 25 18
 11 14 17 22 15 23 7 18
 16 14 17 15 8 24 16 23 6 20 7 12
 19 7 19 15 16 20 25 18
 49 51 51 52 52
