 5 20
 21 23 20 11 11 17 14 15 16 22 18 17
 10 12 14 11 18 13 11 25
 23 17 16 18 13 21 14 13 20 14 25 10
 17 14 20 20 21 22 22 20
 22 20 12 22 13 13 16 22 22 10 18 13
 13 11 19 13 20 10 16 19
 11 10 23 19 18 21 17 11 10 21 19 22
 18 22 17 21 15 10 24 24
 18 22 23 19 15 12 14 13 12 22 21 15
 12 11 21 20 22 13 11 21
 14 12 6 18 9 12 19 7 22 19 7 6
 25 10 13 7 24 17 12 6
 15 19 25 17 16 7 8 21 21 5 8 13
 16 24 15 14 8 7 18 18
 17 15 23 14 24 10 15 17 8 23 16 23
 25 13 24 17 6 14 7 21
 24 23 19 15 15 13 6 12 21 21 16 5
 8 11 9 9 23 11 8 11
 25 11 15 11 9 18 10 23 9 7 19 14
 7 6 22 17 7 7 5 13
 43 47 54 45 42
