 5 25
 16 18 22 17 21 18 15 20 16 17 17 20 23 18 24 25 22 20 20 23 25
 16 17 24 18
 23 15 16 16 15 21 20 25 18 16 25 15 20 18 16 16 20 17 17 22 23
 22 20 17 18
 21 20 22 20 24 24 24 23 18 15 18 17 19 17 21 25 21 16 22 16 17
 25 20 18 19
 21 18 22 24 24 24 22 21 20 15 20 18 25 24 25 15 19 15 21 23 23
 24 20 17 15
 18 19 24 16 17 16 17 22 23 24 15 20 23 17 21 24 23 22 17 16 25
 15 20 23 16
 21 18 18 5 12 23 21 12 16 20 21 23 12 9 24 6 22 22 12 20 5
 11 8 6 14
 9 18 18 16 22 8 10 17 15 13 22 20 19 7 10 25 15 10 21 10 23
 8 6 20 11
 23 8 16 25 5 14 18 12 17 21 25 12 16 24 5 18 16 21 23 9 21
 25 8 5 16
 14 5 18 11 15 10 10 11 6 16 7 17 20 7 24 12 6 18 8 12 17
 6 25 16 23
 18 18 7 21 23 13 5 15 20 24 19 21 23 10 22 23 11 22 25 7 21
 11 23 13 22
 60 59 64 53 69
