 5 25
 15 19 20 22 21 24 20 22 18 24 20 22 18 24 21 16 21 17 17 18 25
 21 22 25 22
 21 24 24 17 24 20 19 23 16 23 23 22 17 16 23 16 24 18 15 17 24
 22 24 15 16
 18 25 16 22 18 23 21 21 19 25 15 19 23 19 19 15 22 17 16 21 18
 22 17 25 18
 22 22 15 19 18 19 19 22 17 17 24 20 21 21 24 19 25 19 15 20 22
 18 20 17 15
 23 18 21 23 15 19 19 19 20 19 17 20 20 21 23 25 24 23 23 19 19
 20 17 15 24
 19 14 6 10 6 20 16 12 17 23 7 23 20 15 7 17 7 25 10 17 10
 6 10 23 12
 18 8 17 19 19 24 20 10 11 14 17 19 23 24 7 25 24 24 8 17 9
 22 8 11 11
 14 15 18 22 9 8 10 21 17 18 9 19 6 25 17 6 12 6 12 15 21
 12 14 19 7
 6 5 5 23 12 6 11 16 13 20 12 9 24 16 22 12 8 24 21 13 8
 18 13 17 21
 18 25 20 18 20 8 18 24 11 9 14 23 18 19 11 5 12 11 17 16 22
 17 6 16 24
 56 65 56 56 64
