 5 25
 22 20 18 19 18 24 22 17 23 20 24 15 21 24 24 24 24 25 19 15 22
 19 20 16 20
 15 25 18 18 21 15 20 16 21 17 15 22 18 20 18 18 19 15 15 17 19
 19 17 22 22
 23 18 24 15 20 24 18 18 20 16 23 16 23 16 15 17 17 20 24 22 23
 17 15 25 17
 17 19 18 20 20 19 17 25 19 20 16 17 17 16 21 21 25 18 15 15 24
 24 15 15 24
 17 22 19 19 19 24 15 16 16 25 25 24 20 17 15 17 17 19 16 18 23
 20 15 21 18
 14 11 25 16 17 18 22 16 20 6 6 14 14 25 9 7 6 11 25 19 22
 11 20 8 19
 18 16 5 17 8 21 9 5 12 9 8 20 6 18 16 11 14 11 6 21 6
 5 14 18 12
 11 5 6 8 20 12 14 9 15 17 23 11 11 12 20 16 10 10 12 18 24
 6 20 9 18
 6 16 8 6 5 9 12 7 24 8 10 14 23 12 9 5 22 8 11 5 16
 6 20 14 17
 16 23 5 6 8 24 25 5 25 19 23 8 16 7 16 8 16 14 17 25 18
 23 12 5 20
 60 48 53 46 61
