 5 25
 24 21 17 22 19 18 20 21 15 21 17 25 18 18 15 20 16 19 16 24 16
 22 18 17 22
 20 23 23 21 24 22 21 24 15 17 22 17 20 16 24 18 19 21 22 18 23
 18 23 16 24
 22 18 24 22 17 17 16 15 25 23 16 16 19 21 24 20 24 15 15 23 24
 19 20 23 25
 22 22 19 21 16 25 16 16 16 16 17 17 18 15 22 18 15 20 15 17 25
 15 19 20 20
 21 21 24 25 24 19 23 17 20 24 21 16 19 15 16 15 25 25 15 15 21
 16 16 19 15
 11 6 5 21 12 12 6 25 11 7 11 22 18 16 12 7 7 9 9 13 15
 22 23 24 11
 22 25 6 21 17 18 10 18 25 16 14 5 5 8 20 6 16 12 8 8 19
 5 15 12 25
 8 10 11 24 8 7 14 6 25 6 13 25 11 15 9 17 6 8 25 21 17
 25 19 16 10
 18 13 22 7 20 8 10 17 7 12 20 17 6 15 18 23 10 10 19 25 25
 13 16 20 15
 23 14 16 6 22 21 9 13 8 18 11 25 9 11 19 20 17 7 10 20 7
 16 20 17 10
 53 56 56 61 59
