 5 30
 15 20 23 10 16 20 20 24 13 13 11 11
 15 16 18 17 17 19 20 10 15 17 12 17 15
 23 22 23 25 16
 18 23 19 11 14 20 20 13 20 11 13 24
 14 16 18 19 19 14 16 12 11 16 12 23 12
 19 10 10 22 20
 15 23 11 19 11 13 16 21 23 24 13 15
 18 24 21 23 21 20 25 19 15 18 17 21 23
 10 11 20 15 17
 18 24 11 21 22 11 23 11 16 12 20 21
 15 10 16 24 20 19 22 19 24 25 15 24 19
 18 21 20 15 23
 25 16 21 13 12 12 16 17 11 21 22 12
 21 13 20 22 12 21 14 20 23 13 25 10 10
 20 12 19 23 14
 25 9 15 24 12 14 23 13 17 15 17 15
 21 23 16 23 15 18 7 16 18 10 6 24 21
 8 10 16 7 7
 8 20 11 9 13 6 13 13 12 24 17 9
 13 17 11 15 10 24 6 20 16 14 23 12 11
 11 22 8 9 12
 21 7 14 8 6 18 11 18 18 10 21 9
 20 20 15 20 7 17 14 8 14 12 21 19 24
 21 16 5 19 17
 14 20 9 14 17 8 8 9 20 17 9 19
 7 15 12 12 16 22 20 5 15 16 18 8 22
 24 21 22 12 7
 20 7 5 10 13 7 8 21 19 16 12 20
 16 8 18 17 23 6 12 10 22 24 6 20 8
 9 17 8 24 22
 74 65 72 70 68
