 5 30
 15 16 12 17 12 15 19 15 19 17 25 17
 19 15 20 16 12 16 13 22 16 16 14 21 21
 24 13 25 21 22
 12 20 11 13 22 15 14 22 21 10 24 22
 23 14 14 22 22 17 14 19 21 11 20 21 14
 23 10 17 24 22
 19 19 16 11 18 20 18 22 21 15 22 23
 16 23 18 18 18 22 21 12 20 18 13 25 10
 23 21 24 22 18
 23 12 13 12 24 23 11 20 14 20 19 14
 19 22 24 13 10 16 12 23 18 24 24 18 25
 10 18 18 19 15
 15 13 16 23 19 21 15 12 18 21 12 18
 21 16 17 14 13 14 19 18 21 12 14 17 15
 24 21 13 11 24
 7 13 21 19 10 23 14 16 13 16 17 11
 23 20 9 24 24 19 18 21 18 18 18 17 24
 19 9 9 7 13
 12 12 23 23 6 24 13 24 16 17 9 15
 5 20 19 17 16 13 8 13 24 5 6 25 10
 16 23 8 6 13
 11 17 17 21 12 13 16 17 15 11 16 20
 23 18 14 24 23 21 6 20 13 10 20 15 20
 10 8 23 24 18
 18 23 13 8 15 12 16 13 9 6 12 13
 13 14 18 6 6 7 12 10 22 10 8 8 9
 18 5 7 21 22
 22 7 7 13 12 15 13 12 23 16 21 9
 15 16 6 18 11 16 22 6 9 7 15 9 6
 16 17 23 5 10
 79 72 79 61 64
