 5 30
 19 23 11 24 19 18 24 19 25 21 17 22
 25 16 19 21 17 14 13 22 11 16 23 14 24
 11 22 17 21 11
 11 18 19 19 13 15 12 21 13 19 16 19
 21 21 21 19 17 20 13 18 13 15 14 19 18
 12 24 13 19 21
 13 21 22 22 25 17 14 18 16 17 18 20
 23 14 21 17 18 24 19 11 12 24 25 23 22
 24 12 19 13 23
 17 15 16 14 19 20 15 16 18 23 20 24
 12 19 13 19 20 20 24 23 21 13 14 16 14
 18 16 13 21 15
 22 21 11 11 22 24 24 15 23 19 23 12
 20 16 22 22 21 19 18 18 12 10 12 11 19
 17 13 23 22 19
 14 18 6 11 14 7 24 19 8 16 22 9
 12 16 14 14 17 22 6 13 14 14 24 18 18
 12 24 23 10 7
 21 13 18 10 16 24 18 11 17 24 16 22
 9 10 24 12 24 9 5 24 16 19 11 15 10
 12 25 18 8 11
 13 22 20 24 19 20 17 6 23 10 6 16
 24 6 5 12 16 7 11 8 21 9 17 13 23
 15 20 9 14 14
 7 15 11 21 18 12 7 22 9 23 21 8
 18 23 20 12 5 12 5 10 12 20 18 17 11
 11 18 20 24 24
 10 15 17 20 17 11 22 19 24 24 17 20
 16 10 6 11 9 14 14 22 17 16 19 21 24
 22 18 8 5 14
 72 75 70 72 78
