 5 30
 16 16 13 20 22 24 15 25 18 25 11 19
 20 21 17 16 16 21 17 13 13 17 14 12 24
 20 15 22 15 12
 14 15 19 16 22 18 13 11 21 24 14 23
 21 20 13 11 25 19 21 14 18 19 15 25 23
 17 19 15 13 25
 25 23 19 17 11 19 16 25 11 23 15 17
 21 13 18 18 22 13 20 23 24 16 24 16 23
 15 10 23 23 14
 11 16 12 16 13 11 18 14 21 15 11 10
 20 13 13 17 17 13 17 19 20 17 14 21 23
 17 19 18 22 12
 18 11 24 18 13 14 14 14 21 19 20 25
 22 18 24 23 21 17 23 23 17 20 23 24 19
 15 15 14 24 15
 7 10 9 13 22 18 19 17 18 15 5 9
 11 18 21 20 19 21 21 7 23 24 15 14 18
 10 19 5 22 13
 24 25 12 24 15 21 20 14 25 13 14 6
 16 21 7 24 7 14 7 18 13 24 22 20 10
 21 20 11 10 24
 12 13 7 13 16 7 14 25 23 18 10 14
 16 24 24 16 15 12 13 7 18 16 19 12 13
 22 24 17 12 19
 19 5 7 15 16 9 18 6 7 22 8 10
 14 5 9 20 6 11 9 5 6 20 25 17 19
 11 15 18 24 7
 10 15 13 24 11 13 17 6 9 19 21 21
 12 14 18 8 17 24 8 20 15 18 25 19 7
 16 15 15 6 11
 76 80 75 62 72
