 5 30
 16 14 16 21 13 14 14 21 20 19 25 12
 22 17 12 21 11 10 24 15 23 14 14 20 15
 23 14 23 13 22
 24 18 23 18 12 20 12 15 14 22 22 18
 18 21 12 19 18 13 16 16 16 10 18 15 14
 13 23 15 12 10
 20 16 15 18 24 16 21 21 24 15 14 23
 11 12 15 14 18 15 14 12 25 20 23 13 16
 23 18 20 22 16
 20 14 20 16 17 24 15 23 13 11 18 22
 10 15 19 10 21 10 21 11 13 16 18 22 20
 16 21 22 19 20
 19 15 12 11 23 24 15 17 17 11 23 14
 20 21 22 16 16 23 10 22 12 25 24 20 13
 20 16 11 23 18
 15 16 24 17 9 18 5 8 25 21 22 22
 11 7 23 15 16 19 22 21 6 14 13 19 21
 14 21 15 17 10
 22 13 7 14 23 10 6 11 21 14 15 9
 13 18 15 14 7 7 17 8 16 19 16 15 10
 7 12 10 21 13
 9 16 13 20 10 17 16 15 24 12 16 8
 6 6 21 23 6 16 9 18 20 10 12 15 20
 21 11 9 18 25
 14 22 23 8 25 24 23 12 8 15 13 23
 7 11 10 10 21 19 23 24 7 8 18 11 18
 10 19 25 16 10
 10 15 20 21 12 23 19 11 9 20 9 13
 11 10 11 8 18 10 8 6 19 15 7 16 5
 17 24 12 20 21
 78 64 71 76 67
