 8 24
 16 20 15 22 21 21 19 20 16 24 23 18 21 15 19 25 15 24 15 21 17
 17 25 18
 24 20 22 17 16 22 25 23 22 23 22 25 25 15 15 19 24 22 16 18 22
 22 23 25
 17 20 18 18 15 21 24 19 17 24 16 17 24 16 19 21 21 18 16 25 17
 17 18 24
 21 25 17 17 21 22 17 19 23 17 19 18 16 16 18 21 18 24 19 17 24
 18 23 21
 15 19 24 21 20 22 16 20 20 24 21 25 21 19 22 17 25 19 17 25 22
 15 19 16
 24 22 25 20 15 19 15 16 18 25 22 17 25 22 18 15 16 20 21 24 17
 16 17 18
 19 17 22 20 21 18 19 17 23 21 18 15 22 23 22 15 19 19 23 23 17
 21 18 20
 25 24 22 23 21 23 25 22 25 16 24 22 23 17 22 18 19 15 17 25 21
 23 25 24
 13 5 6 23 10 17 12 11 13 19 10 18 13 24 18 17 17 8 13 20 17
 20 13 22
 16 23 19 17 24 17 21 16 5 14 16 22 24 25 8 13 14 10 8 11 8
 12 11 10
 8 5 5 17 21 16 16 13 23 20 13 13 18 25 12 19 12 19 11 24 21
 5 15 23
 19 19 25 8 5 20 6 17 24 20 12 18 5 14 24 16 24 6 9 13 22
 5 6 25
 12 10 22 18 24 8 9 5 14 22 14 15 25 14 11 6 21 16 6 17 13
 21 19 5
 10 15 14 8 11 24 11 10 5 19 8 24 5 16 7 6 6 21 13 17 13
 15 16 14
 19 17 23 23 16 7 20 21 12 13 25 19 10 8 22 25 13 10 15 21 10
 24 11 17
 22 19 15 8 9 16 21 21 9 10 8 11 18 7 16 7 13 5 6 15 7
 18 23 24
 35 36 37 36 34 30 40 32
