 8 24
 18 21 23 23 21 16 25 22 21 18 15 18 20 17 21 25 25 18 24 16 17
 22 21 20
 17 20 19 22 21 22 21 22 20 24 22 21 21 19 23 15 25 24 20 20 25
 17 22 19
 24 22 16 21 16 17 22 15 16 22 24 23 25 16 24 17 16 17 16 15 21
 22 20 21
 15 17 16 21 17 15 24 17 18 21 25 22 17 24 22 18 16 16 16 24 19
 15 16 18
 15 15 23 17 16 19 16 19 18 19 23 20 21 22 22 16 19 15 17 20 20
 25 25 24
 23 18 25 25 20 20 16 24 18 19 18 21 19 21 17 25 18 16 21 15 21
 15 18 24
 17 25 16 15 23 25 23 23 25 18 18 25 19 25 22 19 16 16 18 24 19
 17 22 19
 21 16 16 21 23 24 20 16 22 19 18 15 23 19 22 17 15 23 25 22 25
 17 18 22
 21 11 12 23 24 20 21 16 19 11 21 15 5 17 20 25 20 21 11 19 9
 14 20 5
 6 24 8 7 12 22 13 17 6 16 22 18 23 9 22 20 18 24 7 15 9
 14 20 6
 5 16 13 7 21 7 19 25 8 9 16 8 21 23 9 16 7 8 24 22 12
 15 17 5
 23 18 18 7 9 10 13 16 22 12 18 5 15 14 23 21 20 10 14 17 21
 8 7 15
 21 23 10 15 8 25 15 5 11 23 12 22 21 18 24 15 25 12 15 9 25
 13 19 10
 17 24 9 14 25 13 22 10 22 20 19 11 9 24 14 21 21 23 9 23 13
 11 18 6
 6 18 22 10 7 23 8 12 23 9 18 24 14 24 5 8 14 21 21 17 19
 19 15 15
 7 19 25 12 17 21 20 25 20 13 10 5 12 23 15 14 10 13 25 6 13
 14 21 18
 40 35 33 35 39 39 37 37
