 8 24
 15 18 18 21 25 19 17 23 18 25 24 19 20 19 16 20 23 19 23 23 20
 22 24 19
 16 15 19 15 16 18 16 19 20 24 21 25 24 17 24 16 16 19 18 19 22
 22 21 16
 17 22 24 19 21 23 23 20 16 23 20 18 18 23 21 23 16 15 23 23 22
 22 19 16
 17 19 15 16 16 22 15 21 18 20 15 15 17 24 16 15 16 24 19 15 17
 15 19 23
 15 21 25 22 16 18 23 20 18 18 17 16 16 23 21 19 18 21 20 17 25
 23 16 25
 22 16 15 20 25 15 18 17 23 17 15 16 18 25 23 25 25 18 16 22 16
 16 25 16
 17 16 21 15 19 24 16 24 16 25 17 22 21 20 18 23 16 17 16 15 18
 24 19 15
 16 16 18 20 23 15 25 17 20 18 25 17 22 21 15 19 16 20 24 24 19
 25 15 19
 8 24 13 22 19 11 23 22 6 12 6 7 13 22 14 25 10 17 17 12 24
 8 23 18
 9 16 20 24 8 20 13 15 25 19 25 20 21 6 17 25 13 21 23 8 8
 5 21 18
 13 23 19 13 21 12 19 8 25 21 24 8 23 25 7 15 6 12 20 15 7
 13 18 20
 17 9 22 6 16 6 9 17 24 18 13 15 19 18 14 17 25 7 15 5 19
 10 14 24
 16 5 7 7 24 19 5 23 24 22 25 17 10 23 18 9 24 25 5 23 22
 18 14 9
 20 14 13 22 15 6 21 16 10 8 16 5 19 6 12 18 7 7 10 22 24
 16 9 10
 19 21 22 23 20 10 15 19 12 8 14 7 25 15 10 25 9 25 17 8 9
 17 12 20
 8 21 12 18 23 7 10 9 19 9 23 18 18 25 23 21 23 8 18 17 8
 10 20 7
 37 40 38 35 39 32 38 37
