 8 24
 17 15 21 16 15 25 15 15 24 23 17 18 25 24 24 22 17 22 19 24 25
 21 23 21
 17 21 19 17 20 16 19 23 22 23 22 16 18 24 17 15 20 22 20 24 19
 19 19 25
 23 18 25 24 20 17 23 19 22 24 24 24 15 25 24 18 21 24 24 16 16
 15 20 19
 15 23 24 19 22 19 22 24 24 21 22 18 21 22 19 19 23 21 20 18 15
 16 15 19
 17 21 22 20 25 16 21 16 21 19 22 25 19 19 18 23 16 15 25 15 20
 25 18 17
 20 20 23 18 22 25 15 19 15 16 25 25 23 22 16 21 17 22 17 19 16
 25 15 18
 21 18 22 15 24 23 24 20 21 24 16 16 18 17 17 19 20 24 17 20 16
 22 16 21
 25 16 25 16 15 22 21 19 15 21 21 18 21 17 17 19 18 22 20 16 16
 18 25 15
 6 17 16 17 6 7 7 23 6 23 13 17 15 17 5 21 18 23 21 10 8
 12 10 8
 10 17 5 24 23 5 14 10 17 14 18 10 21 14 6 9 9 15 8 10 24
 20 18 14
 18 7 5 15 14 8 12 21 7 7 25 13 11 25 7 19 7 6 11 24 21
 5 20 20
 5 13 13 6 6 18 19 7 19 6 9 12 12 14 16 18 21 8 5 10 17
 8 11 8
 8 8 25 8 23 13 9 23 21 22 7 17 14 22 19 12 17 5 13 12 19
 14 12 20
 12 17 15 21 18 21 15 24 22 17 10 13 20 22 21 12 13 18 8 24 12
 8 17 5
 7 15 12 18 17 7 16 19 16 24 18 16 21 7 5 17 12 6 14 23 9
 11 23 12
 25 24 22 12 7 23 24 8 18 22 18 11 6 5 25 16 20 25 7 17 15
 20 16 20
 32 33 32 28 36 38 34 40
