 8 32
 16 23 19 24 20 19 15 16 23 25 17 18 22 16 17 18 19 23 25 22 16
 17 15 22 21 22 24 17 16 24 19 15
 20 18 21 15 18 23 16 18 22 22 18 24 20 15 15 17 23 18 25 16 20
 19 23 17 22 22 17 17 17 17 17 24
 25 24 20 17 22 17 25 25 16 19 15 20 20 17 20 25 20 21 20 21 19
 19 15 20 18 21 21 25 21 18 15 19
 18 20 16 18 15 22 18 21 17 20 22 15 20 15 17 23 15 17 21 23 18
 23 23 17 16 18 25 23 24 19 25 19
 17 16 19 15 18 21 19 20 23 19 19 18 18 21 15 18 18 18 21 18 17
 19 22 25 18 24 18 24 16 20 17 22
 17 24 18 20 16 23 23 19 17 19 16 22 17 19 23 19 24 23 25 25 19
 23 22 25 15 24 22 18 20 23 19 16
 16 15 18 17 17 15 19 15 22 22 15 17 25 23 20 15 22 24 20 23 16
 17 15 20 21 16 20 25 24 20 20 24
 15 22 24 17 19 20 23 24 18 16 25 22 17 15 21 15 15 15 21 16 21
 23 17 19 25 21 24 19 17 18 15 15
 9 20 14 17 13 17 12 10 11 12 6 5 24 6 21 23 11 16 19 14 18
 22 12 10 25 10 25 21 23 25 16 20
 14 16 14 25 24 23 8 24 22 11 10 25 24 19 14 8 23 17 15 25 25
 13 6 14 21 20 11 10 21 17 7 23
 17 17 21 20 5 14 16 25 11 22 9 9 22 23 19 14 18 17 24 18 8
 14 19 22 10 24 21 10 16 9 6 9
 25 18 11 5 23 18 21 23 17 19 10 24 20 20 5 12 21 16 17 24 5
 9 24 17 21 18 6 24 19 13 9 21
 15 9 10 24 12 5 19 11 17 22 16 16 5 25 6 8 8 14 11 8 12
 24 7 25 6 5 19 23 9 11 13 10
 21 19 8 17 13 8 16 8 13 20 22 10 15 22 16 23 10 24 9 20 21
 21 6 16 22 15 22 8 15 17 16 6
 25 12 21 6 18 20 10 14 11 5 23 13 13 8 5 10 10 18 17 24 22
 10 7 6 5 23 15 10 11 18 15 11
 25 10 7 9 21 15 7 16 17 21 24 25 11 13 7 20 24 25 9 5 25
 21 7 13 20 10 15 8 20 10 8 22
 50 54 50 53 42 49 43 49
