 8 32
 17 18 21 22 19 25 21 18 16 23 15 19 23 17 15 23 20 15 17 21 25
 16 15 15 22 20 20 21 25 20 18 24
 17 22 23 17 24 25 21 16 20 23 22 18 15 24 19 25 16 19 18 21 21
 15 25 20 15 25 23 19 19 25 19 21
 20 19 19 24 17 24 21 19 17 15 18 16 19 18 15 21 18 18 24 23 15
 24 18 22 17 20 23 17 17 17 24 22
 21 17 21 20 16 22 22 23 17 25 23 25 16 21 24 25 25 18 16 23 22
 22 18 15 16 25 21 18 18 22 17 17
 25 20 17 19 24 22 18 16 18 15 25 20 24 20 20 16 19 23 15 19 19
 21 24 24 23 22 25 23 23 21 20 22
 15 15 15 21 24 16 20 19 19 24 18 20 17 24 21 23 23 22 19 17 15
 19 20 17 15 17 18 20 18 22 16 25
 25 18 21 23 16 18 19 24 16 23 20 18 25 24 25 16 18 16 17 19 25
 20 16 24 15 25 23 25 16 18 19 18
 15 20 24 20 17 15 21 25 15 22 25 23 15 19 20 24 22 25 16 18 21
 23 23 18 20 23 20 15 19 23 22 18
 15 5 24 5 15 11 10 6 25 19 8 10 14 22 17 8 19 20 8 8 22
 12 12 18 15 17 9 14 9 11 9 25
 24 11 18 21 25 15 9 22 11 25 16 23 25 16 16 6 12 5 22 15 19
 25 13 18 25 22 18 11 17 12 15 11
 12 21 14 8 25 6 18 18 20 18 8 11 11 20 16 24 13 23 7 22 12
 24 13 7 10 8 22 22 22 24 20 13
 23 5 9 6 11 8 18 19 21 8 7 14 11 12 24 7 21 6 14 12 13
 5 22 25 20 9 8 5 10 13 17 5
 7 10 21 12 18 6 20 13 10 11 9 18 7 21 6 19 7 11 12 10 14
 12 21 10 19 21 25 8 18 18 18 19
 14 18 15 23 17 8 25 14 24 9 7 18 11 5 11 13 18 25 20 17 21
 23 22 9 18 8 7 5 6 7 14 15
 20 9 21 13 19 21 5 18 22 11 8 20 21 19 6 20 10 15 19 13 20
 20 5 13 11 22 12 24 5 24 20 12
 19 19 14 19 9 15 23 25 5 13 15 16 25 23 21 22 14 24 16 20 16
 8 24 15 14 20 10 15 14 18 7 22
 44 54 51 40 45 46 49 54
