 8 32
 25 24 16 15 15 17 25 24 21 21 15 22 19 25 23 25 17 19 19 17 18
 19 23 16 21 22 21 22 23 23 25 16
 18 19 19 19 23 24 23 18 25 23 21 16 15 19 15 20 18 19 25 23 25
 15 19 19 17 25 19 24 20 18 25 21
 15 22 19 25 17 20 18 15 15 16 23 16 24 21 23 20 21 15 24 19 25
 21 17 20 16 19 20 16 23 25 15 15
 25 22 15 19 19 19 25 19 22 20 15 24 21 17 21 16 22 22 18 21 21
 24 21 19 19 24 25 22 22 17 18 20
 23 19 21 19 19 22 25 17 19 24 19 16 25 19 24 17 18 20 15 21 20
 19 21 15 25 18 25 20 19 18 25 25
 16 16 19 19 23 17 22 20 21 23 19 17 19 22 16 15 17 15 19 19 20
 20 19 18 23 21 17 24 15 21 21 18
 15 20 24 19 16 20 20 18 23 19 25 24 21 16 23 23 20 21 24 18 25
 18 20 24 22 22 18 21 20 15 17 18
 18 16 16 22 25 20 24 17 22 23 20 21 21 20 25 21 22 15 24 18 25
 15 19 24 23 17 19 22 21 21 20 16
 14 24 25 5 23 6 13 9 23 5 5 22 25 13 10 20 6 6 13 16 6
 11 13 19 22 7 12 14 11 6 7 6
 25 9 20 21 22 15 17 18 10 13 7 16 23 16 6 25 18 15 5 24 19
 6 24 23 22 15 17 24 8 11 17 19
 8 6 6 18 19 8 5 19 5 18 15 21 20 9 9 23 13 7 25 6 22
 10 12 13 8 20 22 5 8 13 19 5
 16 15 9 6 21 22 9 6 8 19 20 23 21 22 17 10 24 7 6 19 16
 11 20 16 18 23 5 7 9 8 14 11
 10 10 16 12 12 9 9 18 25 22 7 17 19 10 6 20 9 21 12 12 23
 18 16 25 6 11 23 5 14 5 25 17
 8 6 24 23 14 8 17 18 19 19 22 11 16 6 15 16 7 5 10 20 20
 24 23 14 16 20 23 6 16 23 12 15
 19 12 11 24 7 17 14 11 22 10 20 19 20 12 20 18 24 18 13 13 23
 19 12 24 8 8 11 5 16 11 21 12
 24 13 25 19 8 15 11 9 6 21 14 24 8 19 21 20 19 11 18 21 5
 18 25 17 11 6 7 5 20 14 13 10
 41 53 41 45 46 49 49 47
