 8 32
 24 16 22 24 16 25 18 23 20 22 24 25 25 23 24 25 19 22 15 22 19
 24 18 15 16 19 21 18 20 17 19 24
 16 15 22 18 16 19 23 23 15 18 17 23 19 16 18 17 21 25 17 23 16
 16 18 15 21 20 23 22 18 22 24 22
 18 25 21 21 25 17 22 15 24 17 19 20 25 16 23 20 19 20 24 22 15
 20 24 22 18 24 23 19 16 16 16 22
 24 16 18 18 18 21 17 18 23 16 17 15 22 17 25 15 20 17 18 16 17
 18 25 20 17 24 22 22 18 24 21 24
 24 15 19 22 16 17 15 24 23 25 15 15 17 24 21 18 17 20 18 15 23
 18 20 20 21 23 22 22 23 17 24 23
 24 15 16 18 24 24 23 15 23 23 18 22 24 25 21 25 18 24 19 22 25
 16 17 24 18 25 17 15 24 19 21 23
 20 19 16 23 25 23 22 15 15 17 17 19 23 15 23 21 17 16 18 18 16
 20 19 16 18 23 25 19 16 20 15 18
 24 25 25 17 18 20 18 19 23 16 25 16 19 20 16 18 18 16 20 21 15
 17 23 25 16 20 23 19 16 18 20 19
 5 15 18 19 13 21 9 25 10 17 23 13 18 8 12 19 12 10 6 10 25
 18 10 19 9 19 24 22 10 19 22 18
 18 18 17 23 5 9 21 21 10 21 13 5 20 18 10 14 17 15 25 17 7
 13 16 14 6 12 16 14 10 13 9 11
 17 18 14 25 22 23 9 13 25 6 18 11 20 19 12 16 8 5 23 11 13
 16 21 18 5 25 5 20 21 22 13 9
 19 21 18 17 14 23 12 22 20 19 15 23 8 23 20 5 20 15 22 11 8
 20 8 23 7 23 16 11 23 5 20 24
 11 7 24 11 10 6 13 9 5 8 16 21 23 12 16 21 20 9 9 16 20
 18 17 24 14 20 8 11 7 18 16 17
 16 16 9 22 19 19 10 23 12 12 6 17 11 25 24 9 6 16 18 23 9
 7 11 22 11 14 15 9 10 23 8 7
 7 21 22 16 24 21 8 15 15 16 11 11 6 5 24 18 13 13 24 6 19
 5 7 23 7 12 6 6 17 17 5 9
 12 13 10 5 7 18 6 22 12 8 7 10 10 13 21 24 6 21 10 23 5
 10 14 14 13 6 9 11 21 6 16 7
 49 45 50 53 45 45 42 39
