 8 32
 21 22 17 16 17 24 17 15 25 18 18 21 19 23 24 25 25 16 22 20 20
 20 20 21 24 19 22 15 20 17 17 22
 18 24 18 22 19 25 23 15 24 22 19 19 20 25 23 25 20 16 22 24 23
 17 24 18 18 22 15 20 17 19 15 22
 24 20 20 15 21 15 21 22 19 16 16 19 21 21 15 17 24 17 19 18 21
 25 17 24 21 24 25 17 19 24 21 22
 21 20 16 21 20 18 22 17 18 19 16 15 21 24 23 19 20 20 16 16 21
 17 17 20 22 21 16 16 15 17 24 24
 20 19 20 25 17 22 17 18 20 23 20 16 17 24 18 16 20 23 22 15 15
 23 18 21 25 20 18 19 24 25 17 16
 17 24 22 23 17 20 19 16 24 21 25 16 25 23 22 23 15 15 15 20 20
 21 23 24 21 25 23 22 25 24 21 17
 15 22 23 24 17 23 16 16 18 19 15 15 23 18 24 25 18 25 18 15 16
 22 19 18 19 22 18 23 16 15 25 25
 20 18 18 24 25 20 16 19 25 24 25 24 15 22 21 23 15 24 17 15 24
 16 25 19 19 22 17 16 15 20 20 18
 12 24 13 15 19 7 6 25 15 19 12 24 24 25 15 19 15 24 8 18 9
 23 10 8 11 10 18 21 20 14 20 16
 10 20 10 24 10 25 11 11 23 14 6 16 5 20 15 11 11 19 5 7 25
 9 5 24 6 13 13 25 19 18 22 7
 24 6 16 19 18 9 20 23 19 23 15 10 25 25 12 17 16 8 10 9 9
 21 19 11 14 22 20 23 23 9 8 25
 17 19 11 25 24 11 16 8 22 18 5 6 21 22 19 6 14 14 13 12 21
 20 8 12 25 11 13 20 22 22 15 8
 8 8 19 24 25 20 18 22 9 21 19 18 22 5 6 6 23 15 12 25 14
 10 18 14 10 5 22 7 17 16 21 13
 10 23 10 17 19 7 11 22 25 19 12 25 5 20 9 17 11 24 7 13 23
 19 25 7 6 13 9 5 15 7 21 7
 6 6 20 5 21 7 13 7 11 7 19 16 15 22 19 13 24 12 8 25 17
 12 14 5 11 9 18 5 11 22 14 12
 13 21 7 8 24 15 9 6 16 5 6 10 23 20 8 24 13 9 7 23 6
 21 25 9 6 17 21 6 8 17 18 25
 51 45 52 50 49 46 42 44
