 8 40
 15 15 25 25 24 21 16 19 20 17 24 24 19 20 20 20 22 17 20 15 17
 17 20 15 18 19 25 18 16 16 16 25 16 20 22 25 24 25 15 21
 20 18 17 18 17 15 25 23 16 23 17 15 21 17 21 23 24 19 18 24 22
 20 18 18 22 15 17 19 25 20 19 22 22 23 25 22 19 24 21 18
 25 20 20 25 15 17 20 17 17 18 22 18 21 17 21 21 20 25 23 15 16
 24 22 17 23 25 15 25 24 23 16 24 20 18 23 24 17 25 19 20
 21 21 17 25 20 18 15 20 22 21 22 17 24 25 25 23 20 16 17 20 19
 25 22 15 18 18 23 15 18 15 22 18 25 18 16 21 22 17 19 23
 17 19 16 20 16 22 16 15 21 22 23 23 20 23 16 25 19 21 20 22 15
 19 23 17 23 20 15 18 15 15 24 24 25 15 17 21 23 20 19 16
 23 20 25 24 21 20 22 24 17 20 17 19 20 23 22 24 20 20 23 24 24
 24 20 21 20 15 19 20 16 25 21 23 21 21 18 23 18 16 22 22
 16 22 15 22 15 18 19 18 24 16 17 18 19 15 18 19 15 15 19 21 16
 22 23 16 21 20 21 21 18 20 23 22 22 23 15 20 17 23 23 18
 21 24 15 19 23 15 16 22 15 23 17 25 21 22 25 17 24 20 17 15 24
 19 18 25 20 21 22 18 20 16 18 18 20 24 19 15 23 18 21 16
 7 7 8 8 17 18 22 12 16 12 11 20 22 12 16 6 25 18 8 13 7
 15 13 20 8 13 7 12 14 22 22 16 8 15 19 24 25 10 16 6
 14 5 20 20 23 18 17 7 16 12 6 5 22 25 18 5 25 16 19 7 21
 12 6 12 23 20 16 5 15 14 15 18 19 10 5 22 6 10 22 17
 9 24 18 24 24 19 8 16 19 11 16 17 24 12 15 15 5 25 18 15 13
 21 18 7 15 22 10 16 21 22 7 14 20 24 5 25 22 22 19 21
 9 22 14 21 6 16 20 22 9 17 11 24 9 13 20 11 11 16 11 10 8
 16 20 7 8 6 13 12 8 23 10 16 18 19 21 8 19 14 7 25
 14 7 7 5 6 18 16 18 9 18 8 9 21 18 22 5 8 6 23 6 6
 6 24 12 18 23 7 20 12 16 24 24 8 25 6 17 11 25 24 10
 8 10 21 15 14 5 18 15 5 8 12 17 5 14 20 24 9 18 23 12 18
 14 13 21 24 14 13 8 7 10 12 10 20 14 10 21 19 15 15 17
 21 9 10 24 13 7 14 25 18 19 6 19 22 13 18 14 7 6 14 23 15
 21 15 23 16 20 19 20 20 16 15 21 10 6 11 22 8 13 9 21
 18 7 17 12 5 16 21 8 6 20 18 23 7 18 5 18 5 8 8 13 24
 22 16 25 8 7 5 5 18 12 22 23 11 17 14 24 20 23 20 10
 57 58 67 57 56 56 62 57
