 8 40
 22 21 20 16 15 17 18 15 24 16 18 16 23 16 18 15 17 17 23 21 17
 19 22 22 18 16 25 18 25 21 23 23 15 19 16 20 15 18 23 23
 20 25 24 17 20 19 23 22 17 16 19 24 18 18 19 24 16 25 20 20 24
 22 23 18 17 16 15 23 23 16 15 20 22 22 25 20 24 17 24 24
 22 24 17 20 21 18 16 22 24 22 24 18 16 20 15 15 24 16 21 15 20
 18 17 15 21 15 22 18 22 17 24 21 18 16 20 15 16 19 19 21
 19 24 24 19 17 18 25 16 20 23 22 18 16 15 16 21 25 16 25 22 25
 15 19 20 16 25 17 23 23 16 25 22 22 22 20 16 22 15 20 20
 22 20 24 21 24 21 24 20 21 25 22 19 17 20 23 23 20 24 23 16 19
 23 20 22 19 21 20 22 19 23 21 17 21 22 24 17 22 18 15 21
 20 20 18 20 22 15 20 16 25 22 19 25 17 23 18 22 24 24 15 25 23
 18 15 18 17 20 16 20 15 22 18 25 18 17 21 17 24 17 24 22
 25 24 22 25 17 19 23 19 16 15 15 16 21 22 23 15 20 23 22 20 16
 24 20 24 25 15 21 15 25 18 16 15 24 16 15 17 17 17 15 15
 21 22 25 18 25 15 24 15 25 24 15 18 16 15 17 18 15 19 22 24 25
 21 23 24 17 24 20 23 20 22 24 16 25 25 18 15 24 23 24 22
 9 25 5 12 14 14 19 25 9 21 13 17 19 9 12 10 17 8 13 8 13
 7 25 17 7 19 11 6 15 21 6 9 22 9 20 21 7 7 12 18
 23 8 15 23 7 7 10 7 16 25 9 11 23 22 9 12 17 5 21 13 20
 25 8 22 9 13 10 7 15 8 19 6 22 14 22 17 8 14 19 23
 20 14 16 12 19 5 20 11 18 14 23 19 8 17 22 13 5 19 15 20 22
 20 23 17 11 5 23 12 6 15 14 24 25 17 17 19 18 7 10 19
 17 19 25 20 9 7 20 11 22 23 5 16 9 18 21 24 22 8 13 25 18
 10 25 11 9 23 5 17 20 25 22 18 24 17 7 11 5 23 9 14
 19 24 5 8 5 11 8 14 14 14 10 6 10 25 13 14 24 16 8 24 16
 19 15 18 13 22 18 21 12 10 13 11 14 7 21 6 11 16 12 24
 18 24 20 21 13 14 13 23 5 22 11 10 5 7 12 7 12 11 25 20 13
 11 6 10 5 5 23 22 14 11 10 14 14 24 12 8 9 19 23 25
 16 17 18 14 20 11 25 14 20 5 6 16 8 13 20 10 14 15 14 17 19
 17 15 18 22 10 24 23 17 11 18 5 13 21 7 25 14 6 21 6
 7 19 14 25 18 13 18 17 22 10 9 7 13 14 9 25 13 7 8 11 9
 6 22 9 14 6 11 16 8 17 5 6 20 6 21 9 21 18 17 12
 55 58 63 64 57 57 60 53
