 8 40
 15 22 24 17 15 16 23 24 16 20 25 18 21 15 19 25 16 15 16 24 17
 16 22 18 15 15 16 15 17 19 19 20 15 19 23 21 23 16 19 16
 18 20 25 17 22 22 18 22 20 23 16 21 21 24 21 25 21 20 16 17 22
 18 18 22 15 16 16 16 17 25 19 20 21 15 21 25 18 24 24 21
 20 17 22 16 24 23 18 22 19 20 25 19 21 25 18 24 24 17 15 17 21
 16 25 16 18 21 22 23 21 20 15 23 23 25 23 19 19 22 21 17
 17 24 25 21 21 22 16 20 15 15 24 21 16 20 24 19 18 21 21 17 20
 16 25 21 15 25 18 16 15 23 15 20 16 23 21 20 21 25 17 25
 25 25 25 21 17 25 16 23 17 19 16 25 22 23 21 25 22 25 20 22 22
 17 19 24 22 18 16 17 25 17 25 16 17 21 19 16 19 16 21 20
 16 19 18 23 16 18 19 20 15 16 21 24 15 20 19 24 21 15 24 16 23
 20 20 22 15 17 19 17 20 24 24 19 19 23 24 25 22 18 21 21
 19 21 20 16 15 17 19 18 23 16 25 24 20 17 18 23 24 23 16 17 19
 20 16 21 17 15 21 22 18 21 20 18 19 20 25 25 15 20 19 15
 18 24 21 24 16 25 21 23 24 24 25 21 20 18 15 25 22 22 24 20 15
 17 20 23 23 17 20 15 17 19 22 18 16 22 18 22 22 22 23 23
 23 19 6 12 18 17 5 12 7 11 12 15 21 16 19 11 23 7 11 13 10
 24 8 16 14 8 20 18 16 25 12 21 12 20 20 8 10 5 14 6
 8 9 10 7 17 20 10 8 23 18 9 18 23 8 7 20 10 21 18 19 10
 8 10 6 23 7 6 17 24 22 22 9 21 17 8 6 16 21 10 14
 7 22 11 19 13 10 21 14 21 7 21 19 24 10 9 11 11 25 22 16 18
 25 16 8 16 18 10 17 17 21 23 17 15 20 10 16 24 14 13 12
 8 11 24 20 9 8 24 22 18 19 12 12 5 12 19 13 14 16 6 10 18
 20 9 7 21 17 14 15 20 19 19 20 25 23 10 13 13 23 12 8
 9 8 23 14 11 9 7 25 25 16 14 8 24 11 15 22 7 17 10 20 25
 11 5 16 12 12 17 21 14 14 6 23 22 9 6 8 14 8 15 23
 16 25 5 21 23 5 9 7 21 19 24 6 25 9 11 7 17 20 24 17 8
 13 23 23 21 11 17 10 22 13 7 5 11 21 21 12 16 11 15 14
 16 11 12 10 21 9 24 20 19 18 6 20 21 9 15 24 13 25 18 6 18
 6 19 11 12 6 20 5 8 18 15 21 15 23 14 17 15 6 25 16
 8 19 23 9 12 6 22 14 12 23 7 19 16 5 16 6 18 11 9 15 18
 8 17 18 5 7 15 6 13 12 5 10 22 23 17 11 19 18 6 11
 56 56 64 60 57 60 60 53
