 8 40
 24 23 16 21 15 23 24 19 21 19 18 21 20 16 21 15 20 25 21 24 24
 19 22 19 22 15 23 24 18 21 22 25 18 24 22 16 18 23 21 19
 22 23 25 19 18 21 22 24 23 16 19 23 15 25 20 21 17 24 24 25 25
 23 19 23 21 16 21 15 16 17 19 17 19 22 25 21 25 18 21 25
 21 17 23 15 20 25 24 22 25 15 18 21 17 25 20 18 21 24 15 25 18
 15 22 24 24 23 23 17 21 20 16 21 23 17 18 25 24 21 25 25
 22 18 15 21 16 24 15 18 20 22 17 23 25 21 22 21 15 23 16 23 16
 17 25 15 15 17 15 19 17 25 23 25 22 23 17 24 15 16 16 17
 25 19 24 25 21 15 15 15 25 18 19 21 20 18 19 20 18 18 16 20 23
 25 23 16 21 18 16 15 15 24 18 20 21 18 23 24 17 16 20 18
 17 21 22 16 15 23 20 21 16 17 25 18 16 17 15 22 24 21 16 23 23
 20 17 15 22 22 21 19 15 16 25 15 20 22 22 25 18 25 20 18
 20 18 22 18 15 20 23 21 17 15 16 18 25 22 22 18 23 23 15 21 25
 22 23 20 21 15 16 22 21 25 25 25 19 21 25 19 21 20 24 20
 24 17 22 17 15 17 17 25 19 21 15 22 18 19 25 21 22 20 16 24 20
 19 17 16 20 23 16 15 17 25 25 17 25 24 18 24 16 22 16 17
 24 18 10 18 12 16 20 24 13 25 24 14 14 14 14 17 19 19 12 23 21
 15 15 25 6 23 10 18 19 23 22 22 8 21 22 17 22 25 19 7
 21 9 20 7 22 18 11 10 20 24 25 17 19 22 8 18 21 7 24 7 17
 24 6 24 16 13 6 7 21 6 7 6 6 17 7 10 23 21 19 13
 11 20 21 18 14 10 14 20 20 10 17 11 19 12 25 6 20 21 11 6 12
 8 12 8 6 19 23 13 12 7 18 16 22 18 14 23 24 25 5 6
 13 16 16 13 15 15 12 20 20 20 23 19 24 24 6 20 17 23 13 16 21
 16 25 19 8 22 16 5 22 21 10 11 20 16 5 15 7 11 9 17
 11 21 19 23 16 12 5 16 6 8 18 9 13 8 25 17 14 12 22 11 15
 15 15 23 9 12 16 20 19 17 6 9 13 17 15 14 9 23 15 16
 10 23 15 22 12 5 10 18 10 6 24 15 25 17 24 9 25 7 12 17 10
 8 15 12 8 9 11 8 18 17 7 18 23 20 19 13 20 24 11 25
 9 14 20 21 9 13 20 10 9 20 18 7 18 5 25 21 21 6 8 5 17
 25 10 20 20 7 8 9 21 7 14 25 5 23 17 22 13 16 20 20
 14 8 14 8 7 24 24 15 15 13 12 23 13 24 25 19 25 17 9 11 16
 11 25 21 23 24 12 6 7 25 24 24 18 24 15 24 9 5 8 16
 71 59 59 64 58 60 59 65
