 8 40
 25 18 19 21 21 18 22 19 18 25 17 18 22 25 24 22 16 17 24 19 19
 23 15 15 25 21 16 22 16 15 19 18 22 20 21 17 15 21 19 24
 16 21 25 22 19 25 24 16 15 25 20 25 17 25 24 17 22 22 24 22 24
 24 16 24 25 21 24 21 23 16 16 16 25 24 20 22 23 19 19 22
 23 19 18 24 16 23 18 21 22 22 24 19 24 23 21 24 15 17 15 16 20
 19 25 22 23 21 24 21 16 18 22 22 17 22 24 24 18 19 17 25
 24 19 23 24 24 25 21 23 22 23 16 25 23 15 24 21 15 17 23 23 16
 21 21 22 18 22 19 21 16 16 15 24 16 21 25 25 15 22 25 19
 17 25 18 20 23 19 25 23 17 24 19 16 25 15 24 25 20 19 22 21 22
 21 25 17 15 24 23 23 16 21 25 19 16 24 19 24 20 22 23 25
 22 20 17 20 17 17 21 21 23 15 21 25 21 22 16 22 20 15 19 15 23
 25 15 23 24 15 19 15 16 15 25 22 16 21 23 20 24 18 18 18
 25 23 15 20 18 15 17 25 20 25 24 17 18 18 23 16 18 21 23 24 15
 16 19 23 19 23 25 20 20 21 18 25 25 23 19 18 17 25 24 15
 18 15 16 18 18 25 23 17 23 19 25 19 19 22 25 19 19 25 18 21 16
 16 25 25 19 15 15 20 18 19 16 16 18 21 25 18 17 24 24 22
 11 23 22 17 8 10 20 7 5 19 17 10 24 10 14 23 14 10 5 7 24
 5 19 7 11 8 14 11 8 10 25 7 19 9 15 9 20 24 25 12
 9 20 25 23 25 21 24 9 13 22 20 21 18 12 19 22 13 5 18 24 11
 18 8 21 14 12 17 11 22 12 24 17 25 8 23 25 10 13 23 5
 24 18 16 5 17 6 15 21 22 21 22 14 6 17 13 20 23 19 24 23 22
 22 9 17 14 10 6 8 12 19 13 13 6 15 5 15 11 14 21 12
 13 11 17 22 10 11 25 23 10 20 21 11 16 15 9 24 5 22 8 18 25
 23 5 15 13 24 21 15 20 12 24 22 9 17 20 20 13 7 21 14
 11 7 22 8 20 24 21 9 14 21 12 12 16 13 14 5 16 8 16 12 9
 17 13 14 23 23 11 10 8 9 20 19 6 19 20 14 25 10 18 10
 20 19 20 6 22 11 11 10 16 15 24 20 18 20 25 5 14 13 9 21 21
 20 22 14 22 6 17 18 9 17 17 19 6 14 13 5 5 21 7 5
 14 5 24 25 18 5 20 24 16 11 7 9 18 16 21 12 9 17 6 8 10
 18 8 17 19 7 25 6 24 19 10 6 13 12 15 14 8 11 21 13
 7 14 9 12 12 8 24 15 21 23 9 5 13 7 14 21 18 12 16 10 10
 22 18 24 11 19 8 5 9 20 25 18 18 21 9 18 19 12 11 22
 55 68 61 65 57 59 56 58
