 8 48
 16 15 15 23 20 16 21 17 25 21 18 19 15 25 15 16 20 20 17 25 23
 25 22 21 22 19 23 22 20 18 16 22 25 25 16 16 17 21 18 21 25 18
 23 18 17 18 16 23
 21 24 19 25 18 16 22 20 20 23 18 21 17 17 20 24 17 22 17 25 16
 16 17 16 17 16 24 23 23 20 20 19 20 16 15 24 16 18 18 20 15 22
 24 20 18 25 15 23
 20 17 20 25 18 15 19 20 21 21 20 25 21 19 19 23 25 20 18 18 21
 25 20 22 24 20 22 15 19 24 25 25 16 20 22 17 19 22 20 18 22 21
 20 20 16 16 25 23
 16 19 23 19 16 23 25 15 22 22 18 22 20 20 19 17 20 16 25 15 24
 15 23 18 21 19 15 23 17 15 25 23 16 19 21 18 25 22 21 16 20 19
 19 21 21 17 24 20
 24 24 15 23 19 22 23 17 19 21 22 21 15 15 15 24 24 18 16 15 21
 19 21 21 16 24 17 23 22 17 24 21 19 19 23 23 15 18 19 21 17 18
 18 17 24 21 17 19
 23 21 22 22 15 19 23 24 16 17 24 21 21 15 20 20 20 25 23 22 18
 15 16 23 16 20 23 24 20 18 17 21 20 24 20 16 23 15 18 17 18 17
 22 23 25 21 18 25
 24 21 22 17 15 21 23 20 20 21 22 19 24 24 22 24 20 17 16 16 18
 15 21 16 15 18 21 19 19 20 23 25 20 23 24 21 16 25 20 20 19 16
 22 19 22 18 18 23
 22 20 17 22 25 24 23 17 16 16 15 21 24 24 18 22 20 23 22 21 18
 17 16 16 22 22 21 19 20 18 24 23 24 19 21 15 22 23 19 21 21 21
 22 24 19 19 24 15
 11 13 9 7 16 10 5 16 16 12 15 7 8 7 10 7 10 5 11 16 7
 16 9 12 13 14 14 8 15 8 15 15 13 8 8 8 15 8 6 10 10 5
 16 8 16 5 14 11
 6 7 15 6 16 14 6 15 10 8 11 9 13 11 10 10 13 14 16 7 9
 8 16 13 7 14 6 13 9 7 15 16 5 14 10 10 5 15 14 11 16 7
 13 16 7 15 11 11
 14 7 13 8 9 7 11 13 14 14 5 12 9 6 12 11 11 9 11 13 8
 9 15 7 15 16 10 16 14 13 6 13 5 5 8 16 13 6 12 8 10 5
 16 14 6 14 12 11
 9 16 14 11 16 9 7 15 14 13 7 10 7 15 7 13 14 11 10 15 10
 15 13 13 16 14 11 11 9 14 15 12 16 15 13 12 14 5 6 14 12 11
 9 7 14 11 16 11
 7 6 6 11 10 9 9 16 9 14 7 10 10 7 8 12 15 9 9 14 12
 13 12 16 7 8 6 15 6 16 8 14 6 6 14 16 8 6 10 7 12 15
 7 15 12 14 10 9
 12 8 8 11 6 11 9 11 12 12 13 5 14 14 16 5 14 9 9 10 9
 11 13 11 14 13 7 6 14 6 11 10 12 6 6 11 6 6 13 11 11 10
 10 12 13 10 10 14
 15 15 10 12 11 14 7 10 5 13 12 10 13 15 6 8 7 15 15 8 5
 6 10 7 5 11 7 12 15 12 14 11 11 9 14 10 14 10 5 13 14 6
 7 16 10 7 7 11
 11 8 6 9 11 9 12 14 12 12 10 10 6 5 10 14 5 7 9 16 10
 16 5 7 8 13 16 9 8 5 13 10 5 6 10 6 7 9 13 7 8 13
 10 6 10 8 13 10
 51 53 51 57 49 49 50 45
