 8 48
 25 20 25 15 21 17 23 15 21 16 17 23 23 17 21 20 19 17 21 16 17
 25 20 23 20 16 25 19 23 20 15 24 17 22 19 16 19 19 15 25 18 15
 20 17 19 17 21 21
 16 15 21 16 24 19 19 21 20 18 25 15 15 20 18 23 15 23 18 20 15
 16 21 18 16 25 19 19 20 24 15 16 23 23 16 20 20 23 20 18 25 18
 21 15 16 15 20 15
 25 20 21 22 23 21 22 22 23 16 18 24 20 24 21 15 15 16 24 24 22
 18 25 25 17 23 15 22 21 20 19 16 15 16 24 19 18 21 19 18 20 18
 21 21 22 21 25 21
 18 16 23 16 15 18 24 23 17 17 18 25 19 25 22 19 19 17 20 19 16
 19 22 25 22 23 25 22 17 23 19 24 17 23 18 18 16 24 24 22 20 22
 21 16 18 18 16 20
 23 17 23 20 19 20 17 16 19 24 15 23 18 16 23 15 16 16 15 16 25
 15 15 15 15 24 22 17 24 20 20 17 16 17 25 25 24 18 24 18 15 21
 16 21 15 21 24 25
 25 24 23 17 15 15 19 16 18 25 17 18 17 20 23 18 20 22 25 25 22
 20 16 25 22 24 18 15 24 24 24 25 17 20 23 20 18 23 20 21 15 23
 16 24 25 21 16 17
 25 23 20 15 24 22 22 23 22 21 24 23 16 24 23 16 17 23 15 20 15
 17 21 19 23 19 19 20 21 17 19 18 22 17 23 15 21 21 20 15 22 24
 25 22 21 17 20 23
 25 20 20 19 16 17 25 24 21 25 25 20 22 15 21 17 24 17 24 15 17
 20 21 22 24 19 22 24 22 23 21 16 22 15 15 15 20 22 19 22 23 24
 16 23 16 25 17 25
 12 9 15 14 8 15 5 9 7 7 10 6 13 12 15 10 11 9 11 16 15
 14 5 16 7 5 11 16 15 6 11 9 7 8 6 10 7 10 13 10 10 13
 7 12 14 5 5 6
 16 16 6 9 16 7 9 5 11 9 11 9 13 5 16 16 9 8 11 13 7
 10 7 15 11 5 10 14 13 13 11 7 11 14 11 16 14 9 9 9 15 7
 11 15 5 6 10 7
 13 12 13 13 10 9 7 7 7 12 5 15 12 6 10 12 13 8 12 7 12
 9 9 15 5 12 12 5 16 16 15 14 11 5 13 6 11 13 6 14 13 7
 11 10 9 16 10 10
 8 13 6 7 11 10 11 8 9 13 9 13 16 8 13 12 16 12 16 7 16
 15 12 5 12 13 6 10 15 11 7 10 15 9 15 12 13 15 5 6 14 9
 15 14 10 13 12 8
 9 11 12 9 14 10 15 9 7 16 9 7 13 10 6 14 12 16 8 14 11
 9 8 13 7 16 13 11 10 6 8 5 12 11 6 14 14 16 9 15 14 11
 9 7 6 9 14 9
 5 7 10 10 15 15 14 11 10 12 5 8 8 12 15 12 12 16 9 9 5
 15 6 11 11 11 8 5 14 6 10 14 16 14 15 14 13 15 5 16 6 11
 8 10 5 6 7 7
 13 12 9 10 15 9 6 15 14 10 9 10 9 10 12 8 10 10 13 5 5
 6 8 15 8 14 8 14 8 9 13 5 7 7 10 12 10 8 13 6 10 9
 12 12 11 10 10 16
 16 15 5 12 11 13 11 9 6 7 10 9 13 9 14 5 9 11 6 7 5
 10 16 5 8 10 15 7 5 16 7 14 11 16 7 6 11 14 16 5 6 8
 11 12 12 10 14 11
 48 50 50 53 51 49 48 48
