 8 48
 21 25 18 18 21 25 22 18 18 23 17 24 16 21 24 20 23 24 23 24 19
 24 21 20 25 24 22 23 18 25 20 17 17 20 17 17 23 19 18 15 19 24
 24 25 16 23 17 18
 19 16 22 23 24 21 18 18 17 17 25 21 24 17 17 22 15 24 18 21 21
 23 19 24 19 22 17 18 24 24 21 24 16 21 23 22 19 20 24 20 19 21
 24 25 22 15 19 16
 23 19 16 20 20 18 24 15 24 17 24 21 15 19 22 20 20 24 20 16 17
 19 18 18 17 24 23 15 16 22 25 24 22 16 25 20 16 20 18 15 24 24
 15 24 23 24 18 25
 16 16 21 22 20 22 22 19 25 16 18 19 22 19 18 22 25 20 23 17 18
 21 16 20 16 15 21 20 18 16 23 16 22 22 18 22 17 15 15 18 15 20
 15 21 19 23 17 25
 16 15 22 23 16 23 20 20 23 16 19 16 18 20 18 22 16 15 22 24 24
 21 22 16 19 22 17 20 20 21 15 15 21 16 16 15 15 16 24 25 19 24
 22 22 20 19 17 24
 24 19 21 21 25 24 20 25 21 24 18 21 21 15 23 24 18 23 20 25 22
 20 17 25 16 22 19 18 22 25 16 16 22 23 22 23 16 21 17 21 20 16
 15 23 24 24 18 22
 24 23 18 22 25 18 16 21 24 25 18 16 16 23 25 15 16 19 18 20 19
 18 24 18 22 16 25 25 22 18 16 17 15 25 24 23 23 21 25 22 24 19
 16 21 16 15 16 25
 15 21 23 24 17 23 23 20 18 17 16 25 16 22 20 17 21 18 17 17 18
 24 24 24 24 18 20 21 23 24 19 18 18 19 22 16 23 16 17 22 18 21
 24 25 25 22 18 19
 7 6 8 6 13 16 9 14 15 5 10 6 10 7 11 10 13 7 11 11 9
 15 10 11 10 14 16 7 12 12 7 11 15 16 11 8 13 10 5 7 6 9
 6 5 11 9 13 10
 10 7 5 10 16 14 15 10 16 15 16 16 5 12 16 6 12 12 10 9 15
 11 13 8 12 10 13 14 12 13 9 7 8 14 6 14 15 12 10 9 7 7
 9 16 6 5 13 13
 16 8 13 16 16 11 5 14 10 5 12 13 12 15 16 5 16 5 15 6 7
 9 13 13 11 9 14 13 8 12 5 13 8 9 14 7 13 14 8 9 14 14
 12 10 10 5 14 8
 15 7 5 7 14 15 12 6 5 9 13 16 10 6 15 9 15 5 16 6 11
 13 15 8 13 9 12 13 14 15 12 14 8 14 6 12 15 8 12 5 10 6
 14 7 16 14 10 9
 8 10 9 14 7 10 7 12 10 13 16 5 14 15 7 12 16 13 11 10 5
 10 15 10 8 5 8 7 6 6 6 15 7 6 14 12 9 6 6 16 12 15
 15 10 8 16 7 5
 13 9 11 13 5 8 13 7 10 8 10 11 5 15 14 6 8 13 8 8 9
 12 6 11 15 6 15 7 16 16 13 16 8 15 7 5 15 11 12 5 11 13
 12 9 10 7 10 13
 16 15 14 10 8 14 8 11 11 8 11 8 16 8 12 8 16 12 15 12 6
 9 11 5 5 8 16 16 7 14 11 7 11 14 15 8 13 14 11 7 12 16
 6 12 8 15 11 14
 12 13 7 14 7 10 5 7 8 5 8 9 10 16 6 5 9 5 15 12 7
 13 10 16 9 10 16 5 16 11 7 10 16 8 15 6 10 12 12 7 7 13
 5 11 15 8 10 6
 48 53 52 52 48 50 53 47
