 8 48
 24 19 23 23 24 22 23 25 20 17 16 19 21 23 16 17 18 18 20 21 21
 21 20 19 20 18 24 22 22 18 22 19 18 16 19 18 25 18 18 19 20 21
 22 18 20 18 20 25
 18 21 16 19 18 18 23 19 17 20 22 20 25 22 25 17 18 22 20 18 21
 22 23 23 17 24 16 22 25 25 23 22 22 23 20 20 25 21 15 15 25 22
 24 24 23 22 25 17
 20 17 21 22 22 16 22 24 25 15 22 18 25 23 23 15 21 23 18 22 19
 20 17 22 15 16 19 20 19 21 19 18 24 24 25 16 15 21 15 23 15 17
 16 24 16 16 25 25
 18 19 17 23 22 23 22 24 24 15 20 16 20 18 17 18 20 19 19 24 22
 22 24 22 16 17 19 19 15 22 17 18 25 20 18 17 17 20 16 24 19 19
 15 16 20 19 23 16
 21 19 17 18 24 25 25 24 22 20 23 23 20 23 15 21 18 22 22 22 18
 18 19 24 22 24 21 24 25 15 21 15 23 18 23 18 17 22 15 20 17 17
 18 15 17 17 23 16
 15 25 25 21 22 17 19 18 25 20 15 25 16 20 18 16 17 18 16 21 21
 24 24 15 17 16 19 18 20 17 18 15 18 16 20 16 17 24 20 17 17 19
 16 18 24 15 16 16
 15 24 23 24 25 23 25 20 19 16 19 19 19 20 24 22 24 16 15 17 25
 23 23 16 21 22 16 20 17 25 15 22 15 24 20 22 19 23 23 16 23 15
 15 17 22 16 22 24
 20 16 24 21 17 21 25 16 25 21 24 15 18 21 23 15 21 17 21 18 23
 20 18 19 16 16 21 18 22 24 17 17 15 25 22 25 17 16 19 21 22 19
 23 21 15 17 15 25
 16 6 7 15 5 8 11 14 13 7 16 8 7 8 6 15 8 13 8 6 5
 13 5 9 7 11 11 7 14 9 8 15 9 7 9 14 16 5 7 5 16 5
 14 5 9 5 10 16
 7 13 10 7 15 15 16 14 6 13 16 8 5 15 14 9 11 10 9 16 7
 12 10 7 10 5 13 10 11 9 9 10 8 14 10 7 10 12 15 15 11 10
 7 15 14 7 15 5
 15 10 11 10 8 7 8 9 13 7 15 14 13 6 10 10 7 9 7 5 12
 8 5 16 11 5 15 12 14 11 5 5 13 11 8 8 15 14 11 5 8 11
 7 15 5 8 16 8
 8 11 15 7 14 6 9 10 8 10 8 12 7 8 14 5 15 7 6 15 16
 7 13 13 8 16 7 15 13 5 9 9 8 8 16 12 7 10 5 5 14 14
 14 9 11 8 10 7
 12 7 14 11 8 16 16 16 5 7 5 11 5 9 16 9 12 9 16 5 8
 6 9 15 15 5 15 5 7 8 8 8 10 14 10 5 16 6 12 12 9 11
 7 15 8 5 15 8
 5 12 10 12 8 9 12 10 14 9 12 12 6 14 6 6 7 13 8 12 13
 9 11 7 14 16 6 14 5 11 12 9 12 11 7 14 7 16 11 6 15 7
 15 9 10 10 14 11
 14 13 5 7 13 8 11 8 7 13 15 13 6 12 11 8 9 6 9 16 5
 15 5 14 6 7 10 13 13 16 11 6 7 11 8 15 13 5 15 12 14 5
 10 11 15 12 8 7
 13 9 8 14 5 6 10 16 6 6 11 9 7 9 9 11 6 8 10 8 15
 11 11 15 7 9 5 16 13 9 7 10 16 11 9 14 9 6 13 14 9 15
 7 13 6 16 14 16
 46 51 47 48 48 49 49 49
