 8 48
 24 19 21 15 19 19 20 23 22 23 22 23 17 25 17 22 25 20 20 18 18
 23 17 17 25 16 24 25 18 24 15 17 15 19 25 20 18 24 19 16 24 19
 19 21 21 18 20 17
 23 18 24 17 20 19 20 20 21 25 25 15 17 21 19 19 16 19 24 19 24
 20 25 16 23 18 18 15 25 22 25 22 19 20 16 24 22 17 19 24 17 16
 20 16 17 18 21 17
 21 18 16 24 15 19 15 16 25 21 22 16 22 17 22 19 23 20 17 16 17
 19 21 21 18 23 21 22 23 17 16 18 20 17 23 25 23 16 25 17 17 15
 25 19 22 24 25 21
 25 22 15 17 16 21 21 16 18 24 17 19 19 24 21 23 16 18 20 23 22
 24 23 19 17 21 19 21 15 19 22 20 23 23 23 18 25 23 17 22 18 16
 21 24 24 16 21 24
 20 25 17 19 24 15 15 20 20 16 20 15 22 15 22 16 24 24 15 23 24
 20 15 19 21 23 21 18 15 25 21 19 23 17 16 20 15 16 24 25 24 19
 16 22 25 15 23 21
 15 21 15 20 24 20 18 16 17 17 24 20 20 23 25 20 23 17 23 15 21
 23 24 24 25 19 17 24 20 19 20 15 17 23 22 18 24 23 20 19 19 21
 25 19 20 18 22 17
 19 23 20 15 22 22 21 19 19 16 17 19 15 18 21 23 18 24 16 24 25
 19 18 22 21 23 23 22 15 21 25 25 19 24 23 16 20 19 25 21 20 20
 17 25 20 25 22 22
 21 17 21 16 25 20 17 18 20 17 18 16 22 23 15 21 25 24 20 23 21
 25 22 20 24 19 20 24 23 19 23 16 19 18 17 18 21 24 18 21 15 18
 21 21 20 16 19 18
 7 10 13 9 12 5 11 8 8 5 16 8 6 10 7 9 10 5 8 15 6
 14 8 13 9 9 6 16 16 13 15 13 16 10 7 13 5 7 7 5 8 13
 10 10 7 10 15 15
 10 12 14 6 15 10 16 5 14 10 13 12 10 10 9 9 16 11 6 10 16
 7 15 6 5 6 7 16 11 5 12 13 10 9 8 10 13 10 7 11 14 16
 5 12 5 5 9 10
 12 11 14 13 10 10 8 11 7 8 16 14 5 6 9 13 12 7 11 14 15
 9 14 15 16 9 14 6 10 15 10 6 8 7 6 11 13 12 11 13 6 8
 10 15 12 16 9 6
 11 16 5 7 11 7 16 6 8 6 12 11 7 14 7 5 14 11 6 11 16
 15 5 5 11 10 11 16 11 15 12 8 6 8 6 13 13 10 8 13 11 14
 9 7 10 9 13 14
 12 5 15 7 6 15 12 11 5 16 8 13 6 7 12 6 8 8 9 7 14
 13 12 14 15 10 10 14 7 9 8 10 11 16 15 16 14 10 5 6 6 14
 12 9 16 11 5 5
 8 8 16 15 10 12 9 9 7 13 6 11 6 12 16 12 11 14 16 10 7
 9 16 7 7 14 7 16 9 9 10 12 5 9 16 11 15 6 11 11 8 5
 10 5 16 11 12 16
 15 7 8 15 13 8 6 16 11 15 10 6 14 16 10 5 16 10 10 5 13
 11 15 16 14 8 7 7 16 5 5 16 5 16 16 12 16 13 13 11 13 9
 7 9 10 15 7 10
 10 9 16 6 9 8 9 15 12 13 13 14 9 13 16 8 13 14 14 11 13
 16 16 14 8 10 5 13 5 5 11 12 15 12 14 16 7 15 6 11 11 11
 12 15 7 16 8 11
 47 49 51 49 49 51 53 54
