 10 30
 20 19 24 16 25 15 21 24 19 22 18 18 18 15 20 21 22 21 19 20 19
 17 16 15 20 20 20 25 22 23
 20 19 18 15 21 21 19 15 21 19 16 20 15 17 25 23 15 24 23 22 20
 25 21 19 21 20 16 18 18 25
 24 22 18 25 18 22 22 17 16 18 16 20 19 18 19 23 16 20 20 17 24
 18 15 24 18 21 23 21 15 25
 17 17 24 22 19 25 19 15 18 22 22 24 16 15 19 15 25 20 16 20 16
 20 21 18 18 21 23 15 18 15
 17 25 15 22 17 15 23 21 23 20 18 19 23 20 25 19 20 22 20 17 23
 20 20 17 18 24 16 20 22 22
 24 20 22 23 21 21 22 21 17 24 23 15 16 17 24 23 22 17 23 19 19
 21 22 24 23 17 21 25 21 17
 17 20 21 15 19 19 25 24 18 17 21 16 22 16 20 20 18 20 17 22 19
 17 22 19 20 23 24 20 18 16
 17 22 19 22 21 20 25 18 22 20 18 23 21 22 19 18 25 19 18 17 23
 16 22 21 23 19 24 21 15 22
 24 18 19 18 25 19 15 25 17 22 23 21 19 18 25 23 16 24 25 23 22
 15 23 15 20 23 23 20 25 17
 15 17 21 23 16 21 19 23 18 17 25 18 20 15 21 15 15 16 24 25 21
 18 19 24 22 19 17 20 18 21
 22 10 24 8 22 13 15 16 22 24 20 22 12 18 6 25 20 16 15 8 24
 9 9 20 16 14 15 23 10 20
 6 15 13 22 13 8 19 25 16 11 24 16 24 20 16 10 16 9 15 14 21
 5 23 8 9 8 22 7 8 6
 8 6 25 5 17 25 7 11 17 10 23 10 7 20 13 20 6 15 14 10 25
 21 20 21 20 12 21 20 18 6
 24 9 9 6 11 5 21 17 10 16 7 6 8 14 9 7 12 8 17 6 20
 15 17 25 25 19 5 14 12 22
 14 14 11 21 19 12 16 5 15 7 11 14 23 6 22 6 19 14 8 15 25
 15 6 5 12 22 18 21 6 18
 5 22 7 13 21 9 5 23 9 24 22 22 9 22 9 6 13 22 16 19 18
 21 15 9 20 12 23 13 17 6
 24 16 12 16 14 11 22 23 18 6 20 9 8 16 19 24 7 10 25 24 19
 22 5 17 6 13 23 7 24 23
 8 25 11 19 7 13 15 21 24 20 7 16 16 6 11 25 13 13 12 21 24
 11 23 22 7 9 20 8 19 15
 9 22 20 19 17 20 7 15 9 19 6 10 12 25 21 11 6 10 19 15 25
 8 24 25 16 14 24 20 23 17
 17 22 6 10 23 21 20 23 8 13 11 21 25 23 9 20 19 8 22 25 24
 21 5 9 20 23 12 10 15 12
 39 34 36 31 34 36 38 36 39 39
