 10 30
 23 21 24 16 25 16 17 25 18 17 19 19 25 15 23 21 15 21 25 22 22
 24 24 23 25 17 25 24 15 18
 24 25 18 25 22 18 17 23 22 19 20 17 22 19 23 25 20 21 25 22 23
 15 16 15 16 24 17 24 17 17
 24 18 16 19 18 20 20 22 19 21 17 23 21 15 15 25 18 20 20 16 23
 16 25 18 23 21 25 19 22 25
 20 23 25 24 22 25 22 16 25 23 23 22 21 23 22 19 18 17 24 24 23
 15 16 23 19 22 20 21 16 19
 16 17 16 24 25 19 24 20 15 23 21 16 16 20 25 18 16 20 20 19 15
 20 21 18 23 21 18 25 24 17
 17 21 19 21 15 20 25 16 20 16 23 19 20 18 19 16 15 19 15 19 17
 21 17 19 18 19 20 22 20 24
 21 19 20 23 24 22 15 15 17 22 16 21 25 22 15 22 18 17 22 25 20
 21 21 24 22 22 18 16 17 25
 23 20 19 23 16 19 24 25 15 23 21 15 21 19 23 19 25 24 18 24 17
 22 22 19 25 17 25 23 15 17
 19 25 23 18 15 20 16 16 19 24 24 24 18 21 18 18 15 18 17 23 15
 15 15 16 23 15 20 16 16 17
 20 17 23 17 19 18 21 24 19 20 16 21 15 25 24 16 20 18 23 15 24
 18 18 17 21 23 16 22 20 25
 10 23 8 21 24 19 9 7 20 17 22 25 22 12 23 9 7 14 24 6 22
 11 18 16 15 7 18 12 18 21
 15 9 24 13 12 9 23 20 16 25 22 25 20 15 14 17 17 9 25 16 16
 10 25 10 15 21 5 22 18 10
 5 5 8 14 8 15 9 18 7 7 13 7 9 11 24 8 8 5 17 21 19
 16 21 14 9 23 13 22 5 7
 14 5 11 8 11 22 17 23 11 7 8 10 23 15 13 24 12 14 11 7 20
 22 12 23 14 19 16 24 16 18
 10 5 12 10 21 13 14 21 23 19 8 13 14 23 6 14 22 18 17 6 9
 23 8 6 15 11 13 7 24 9
 16 22 7 22 13 12 13 20 7 16 17 16 8 25 6 6 18 24 15 18 17
 22 25 14 22 6 12 12 9 15
 20 20 15 6 20 8 16 21 18 7 5 16 18 15 16 7 25 5 7 6 19
 8 10 14 19 22 9 8 23 9
 19 22 25 25 7 17 19 20 13 11 22 14 20 19 17 24 17 21 11 19 10
 12 8 15 24 20 22 23 18 24
 24 13 16 5 14 12 23 25 8 23 19 16 8 25 7 15 14 22 20 21 12
 6 15 22 7 8 20 13 10 17
 23 16 15 17 22 5 9 10 19 15 20 21 18 19 18 7 14 13 25 11 6
 6 5 19 23 10 19 16 21 24
 38 39 29 36 33 36 32 43 36 37
