 10 30
 18 24 18 25 18 18 18 17 25 16 21 20 17 20 20 19 20 16 19 20 22
 20 24 21 18 22 22 24 19 16
 20 21 23 16 21 18 20 25 15 21 22 21 19 25 20 16 18 25 23 17 21
 20 17 18 16 21 19 23 16 24
 18 21 19 15 25 22 15 20 18 24 21 19 25 19 19 15 15 16 25 20 23
 22 17 23 16 25 16 25 24 17
 20 22 24 17 19 18 15 15 21 23 22 22 24 17 25 15 25 25 16 24 19
 25 22 15 18 17 20 24 21 23
 24 18 24 16 24 21 16 15 19 25 17 16 22 22 24 25 15 19 18 18 22
 18 23 23 17 20 17 15 23 22
 21 20 25 17 21 22 23 23 15 23 23 23 18 24 21 25 16 17 23 23 19
 22 16 22 16 15 22 22 23 24
 25 24 23 22 17 18 25 18 18 17 17 22 22 24 17 21 18 24 23 21 22
 22 16 16 23 24 19 16 17 22
 16 18 25 25 15 22 18 15 19 17 23 20 22 16 19 18 17 20 23 15 21
 22 19 22 21 18 22 24 21 18
 20 16 25 19 17 20 15 16 24 17 20 15 22 20 15 24 15 19 22 18 19
 25 19 21 21 24 22 23 24 19
 25 22 24 20 18 24 23 17 16 24 16 24 15 24 17 16 18 16 17 21 24
 21 17 20 16 20 17 16 18 21
 14 18 20 16 18 17 21 25 16 22 9 25 7 16 24 5 9 13 10 8 24
 20 21 8 11 22 24 13 13 14
 25 25 6 5 21 25 24 12 14 19 15 12 19 5 16 8 19 9 11 6 15
 22 16 7 12 15 21 18 17 5
 10 8 15 8 12 25 8 19 12 11 16 15 22 25 15 20 16 8 18 21 22
 17 12 18 5 5 5 24 11 6
 25 11 23 9 18 18 19 25 25 16 17 24 6 10 17 18 7 14 25 23 9
 7 12 8 16 17 15 11 24 17
 12 5 13 14 5 7 10 21 8 12 20 6 15 7 7 24 23 7 25 15 13
 16 6 23 8 14 10 10 23 13
 15 17 15 10 24 12 10 8 22 10 18 25 16 24 17 13 16 24 22 13 23
 22 10 9 19 16 12 15 21 7
 13 24 17 19 21 11 15 21 11 13 6 19 23 11 16 15 19 14 17 6 11
 8 16 17 6 15 23 23 14 11
 15 17 25 23 21 7 24 18 20 24 8 20 7 22 17 17 7 20 15 20 15
 15 8 9 14 25 20 14 10 16
 17 13 14 7 16 16 19 22 23 17 24 22 11 13 22 12 22 19 15 6 21
 14 21 13 21 13 9 21 8 17
 5 14 21 9 5 9 16 11 24 14 10 22 18 19 16 10 6 12 7 14 12
 22 12 21 19 16 9 15 8 22
 38 35 34 38 31 38 36 39 39 33
