 10 30
 15 20 24 24 22 24 24 17 15 21 18 17 19 16 17 22 19 18 16 19 23
 15 24 20 15 18 20 21 20 18
 19 18 21 19 23 16 20 21 23 24 15 23 15 22 19 17 16 17 17 17 20
 18 16 23 24 21 16 24 20 15
 23 19 22 23 15 19 23 21 15 18 17 17 16 23 23 22 21 23 17 22 16
 23 20 19 15 19 15 24 17 17
 15 16 21 19 21 18 16 20 23 19 20 19 16 23 15 24 20 18 17 16 22
 22 20 16 24 15 18 17 21 21
 17 16 17 24 18 15 23 19 20 19 23 24 17 21 25 17 19 25 22 15 18
 20 24 21 19 21 16 15 19 25
 19 15 20 24 19 19 17 25 21 25 17 21 16 21 24 25 19 16 22 17 15
 21 16 21 20 18 17 19 18 25
 25 20 21 24 22 22 16 19 16 17 25 16 18 20 17 25 18 22 23 17 17
 24 17 17 25 15 18 17 21 15
 24 16 22 19 19 23 21 17 25 24 17 24 25 23 23 17 25 25 22 24 23
 22 19 15 16 24 15 21 19 20
 15 20 21 17 20 22 19 20 25 21 23 16 17 15 20 15 25 16 25 19 25
 16 19 15 19 23 19 19 17 17
 19 25 21 16 24 15 23 19 21 23 15 24 22 25 15 22 23 21 15 17 21
 25 21 16 25 19 23 19 22 16
 5 25 11 25 7 15 17 12 17 9 20 14 13 25 5 18 15 13 8 18 15
 8 19 8 11 7 13 15 7 16
 11 6 18 10 21 23 15 22 21 10 22 7 24 7 9 19 24 11 20 18 8
 8 19 14 9 16 10 6 16 7
 7 7 11 14 20 22 8 22 21 22 10 25 23 19 11 24 8 6 24 18 22
 12 17 9 13 18 23 16 10 19
 16 17 21 9 15 24 15 24 17 21 8 18 15 11 19 25 18 9 18 7 17
 25 19 15 25 19 14 10 6 15
 24 10 9 22 19 16 11 22 6 23 25 24 15 23 24 15 25 19 24 24 22
 18 22 17 25 25 10 20 12 20
 19 16 13 9 7 16 8 16 6 12 9 14 8 14 7 23 5 7 17 25 13
 10 13 13 5 8 7 21 6 13
 5 24 6 7 16 22 6 20 16 22 10 13 16 25 17 18 12 21 23 9 9
 8 10 13 22 8 21 23 22 16
 15 15 14 13 15 23 20 17 18 6 5 21 18 21 24 19 7 10 9 12 12
 11 18 23 19 10 16 22 21 19
 22 18 15 10 17 22 17 14 18 17 14 16 8 20 5 20 16 15 17 25 21
 25 20 11 10 15 19 6 19 9
 25 14 6 23 7 14 24 5 21 24 25 21 8 11 22 14 14 7 19 5 20
 12 24 17 23 7 16 22 22 20
 32 34 38 39 45 28 36 37 38 39
