 10 100 
 18 72 27 31 56 116 98 86 76 37 116 26 
 71 21 50 61 74 64 37 79 69 69 100 46 
 11 67 56 14 24 98 46 105 28 95 31 47 
 35 96 84 19 43 100 56 83 75 78 70 55 
 23 20 30 9 38 81 111 101 59 60 28 54 
 96 60 88 29 42 36 59 59 17 91 71 34 
 91 61 118 57 43 47 67 55 97 20 30 103 
 14 75 19 32 49 81 64 96 80 71 86 36 
 69 30 103 68 
 45 26 48 76 65 105 13 22 106 113 21 30 
 96 82 87 91 108 77 30 77 71 37 10 26 
 89 100 37 88 49 93 33 33 75 90 16 74 
 39 95 66 99 99 89 62 14 26 41 84 46 
 82 80 62 94 85 35 31 92 91 78 90 9 
 102 105 85 103 17 94 35 55 102 105 16 43 
 58 23 75 82 48 59 95 46 32 75 68 64 
 46 28 56 66 64 98 23 84 33 26 32 1 
 33 93 89 93 
 35 64 90 61 66 112 36 92 57 78 8 67 
 47 96 72 9 23 67 94 44 16 96 108 44 
 21 77 58 98 96 42 102 23 30 45 51 96 
 41 54 32 85 98 81 65 49 66 103 49 17 
 12 68 20 79 75 70 90 59 81 88 37 47 
 52 82 82 82 92 89 72 76 92 46 64 22 
 50 57 75 117 40 96 71 75 88 49 69 51 
 93 21 27 106 33 66 40 80 61 93 59 27 
 21 32 83 71 
 61 90 108 70 25 56 85 115 36 76 57 115 
 53 48 41 40 82 73 28 38 21 103 27 96 
 55 58 49 104 26 36 40 52 63 54 67 116 
 107 29 94 53 53 109 82 111 4 72 93 53 
 58 90 96 15 49 91 113 114 56 26 22 96 
 71 85 97 36 104 83 22 111 90 70 8 100 
 39 43 114 97 51 45 71 53 39 60 25 40 
 84 28 105 114 104 63 41 29 31 28 99 61 
 105 65 42 28 
 3 21 116 49 97 108 71 71 116 54 60 51 
 49 77 84 57 59 50 99 41 84 63 63 17 
 55 92 81 24 58 34 33 81 70 97 47 17 
 44 96 104 57 12 11 49 37 26 52 90 70 
 20 22 89 25 99 40 34 88 101 90 35 50 
 67 23 89 109 83 103 51 82 66 83 18 77 
 88 107 26 84 102 81 37 73 70 43 99 71 
 63 27 55 16 25 94 40 64 70 32 18 111 
 108 23 89 44 
 66 67 70 35 42 60 28 51 78 103 90 112 
 19 24 23 115 43 6 20 103 72 84 92 93 
 55 57 104 71 42 84 112 106 93 67 89 82 
 64 106 67 74 13 37 46 84 73 109 12 88 
 98 98 54 105 18 76 19 67 65 22 58 95 
 80 76 67 74 34 87 75 49 103 26 25 116 
 94 89 114 107 30 52 25 107 20 27 53 84 
 36 15 38 17 76 32 66 50 63 53 69 76 
 25 11 106 29 
 91 64 60 40 81 23 38 56 59 106 39 34 
 51 39 68 67 68 82 44 100 93 12 28 65 
 28 69 89 103 40 67 84 117 21 25 58 92 
 89 88 29 36 62 26 18 70 30 101 84 100 
 90 68 39 34 78 53 14 15 63 18 91 89 
 19 45 91 92 52 75 80 82 103 54 101 49 
 75 72 82 97 84 89 76 92 109 97 40 57 
 41 48 89 114 50 26 90 27 79 19 18 14 
 60 107 79 20 
 41 95 66 103 64 25 41 46 34 93 111 57 
 47 24 39 33 67 89 25 61 62 50 33 57 
 66 63 69 49 70 32 83 40 14 26 62 87 
 71 88 40 84 38 110 108 48 76 63 76 27 
 94 75 16 75 87 58 58 99 40 94 61 21 
 44 28 26 58 47 86 92 53 27 26 16 2 
 58 21 82 82 22 70 5 45 91 65 119 59 
 61 76 100 98 56 53 24 99 92 51 42 15 
 53 57 53 52 
 78 91 36 35 15 85 77 60 63 65 55 79 
 60 81 89 19 17 115 24 57 78 84 78 13 
 59 23 75 49 103 20 95 64 20 112 84 81 
 101 6 53 105 29 29 103 81 56 48 53 102 
 18 45 46 24 104 31 97 38 21 45 37 66 
 77 22 59 67 64 61 49 40 79 34 79 99 
 65 26 102 104 46 32 88 100 101 64 99 33 
 82 39 90 49 109 105 99 31 8 91 42 103 
 32 57 44 31 
 105 34 38 71 65 23 77 9 89 23 66 64 
 33 107 43 55 98 42 114 65 84 67 62 74 
 82 37 89 96 80 38 102 82 69 58 25 31 
 57 50 86 93 19 74 89 12 77 54 94 84 
 27 72 81 87 58 86 58 46 18 55 44 70 
 13 44 37 17 13 82 47 111 42 98 95 80 
 98 99 14 57 6 89 59 101 75 43 15 57 
 81 72 33 80 46 22 73 58 94 79 53 25 
 70 101 68 84 
 83 38 76 71 64 5 15 23 40 84 1 89 
 33 83 56 45 44 55 70 33 36 47 11 57 
 97 43 47 94 81 23 56 12 84 26 70 59 
 84 10 27 93 78 16 64 26 46 25 51 65 
 91 99 80 95 69 31 8 16 62 55 81 56 
 13 61 29 85 75 73 61 55 85 18 42 75 
 24 51 2 61 69 71 40 60 6 81 71 4 
 94 35 100 70 63 25 48 16 36 42 31 73 
 49 79 2 48 
 64 94 66 37 47 16 91 81 14 5 87 85 
 9 33 15 22 10 36 85 36 47 67 92 86 
 15 12 67 28 58 11 81 74 27 25 90 40 
 77 12 40 22 2 32 40 89 81 62 17 57 
 29 32 46 24 25 66 88 25 26 36 27 99 
 11 11 23 14 88 22 86 46 1 10 93 66 
 63 81 33 20 64 43 19 66 70 44 49 43 
 64 80 49 37 52 3 87 32 79 92 84 100 
 72 16 14 12 
 67 54 29 40 35 1 82 22 57 27 94 53 
 62 15 44 100 90 39 20 74 89 25 7 68 
 93 41 56 6 13 61 17 92 82 60 61 22 
 68 63 89 34 19 35 51 66 43 9 68 97 
 92 44 82 36 39 32 30 48 39 13 66 56 
 54 32 23 36 12 14 37 32 19 61 41 96 
 69 60 35 2 63 12 39 33 13 69 48 69 
 15 81 84 6 68 37 75 21 48 26 42 94 
 83 77 37 41 
 57 11 7 41 84 65 23 6 78 33 62 4 
 61 60 68 65 39 46 82 77 86 15 76 17 
 56 63 72 8 80 80 79 65 57 48 43 1 
 3 89 27 66 54 2 25 3 99 32 25 63 
 44 26 21 90 62 18 1 7 51 82 92 22 
 47 26 12 66 7 32 87 4 22 40 94 21 
 68 70 1 21 52 76 37 51 69 41 82 71 
 20 92 11 4 12 49 69 73 88 89 22 55 
 1 44 63 75 
 98 97 4 55 6 11 46 45 4 52 55 62 
 65 33 31 44 47 53 6 64 30 46 50 96 
 66 17 27 89 45 87 79 37 45 14 73 99 
 61 22 3 58 96 92 67 75 92 64 18 31 
 89 88 18 92 5 80 70 24 4 28 81 71 
 54 85 27 8 38 15 51 30 39 19 97 40 
 32 3 92 19 18 21 78 47 49 59 14 39 
 45 81 47 87 84 13 73 51 49 84 84 5 
 12 95 21 74 
 52 42 38 70 72 60 87 67 23 11 29 8 
 92 97 95 3 69 98 82 9 47 35 24 27 
 66 54 10 39 61 23 3 1 24 53 21 22 
 39 11 40 40 93 64 74 24 41 6 96 30 
 4 4 64 14 93 27 91 44 46 83 52 20 
 37 39 48 32 87 34 26 67 11 77 76 5 
 27 30 1 3 78 62 89 12 86 93 63 22 
 83 96 66 93 41 85 39 55 53 53 45 30 
 83 90 14 72 
 30 50 52 78 30 82 82 51 46 12 76 87 
 64 80 35 48 36 21 74 12 12 93 85 48 
 80 50 14 9 62 50 35 4 93 94 62 19 
 18 16 74 69 47 76 97 40 91 5 19 7 
 31 50 74 85 30 64 88 97 50 86 12 27 
 85 60 20 24 60 46 32 38 17 48 16 56 
 40 46 25 6 34 25 40 9 6 6 61 44 
 75 73 32 1 53 86 28 91 22 92 85 91 
 48 12 24 89 
 61 17 35 7 47 84 68 62 67 24 6 61 
 58 83 63 69 36 23 84 53 40 52 88 53 
 53 39 32 60 35 72 33 75 95 84 39 14 
 47 26 67 36 73 4 11 67 45 46 44 84 
 11 33 95 44 18 53 51 13 65 15 46 84 
 57 78 91 44 71 30 22 67 78 79 98 100 
 46 91 32 28 82 33 100 63 10 47 2 62 
 58 33 10 18 56 57 96 13 10 54 61 93 
 53 60 63 52 
 39 21 73 76 89 32 31 42 46 53 64 24 
 49 31 24 91 86 6 93 61 34 21 36 92 
 50 95 41 64 13 100 24 52 88 3 35 29 
 13 97 53 3 72 87 1 33 56 71 67 13 
 91 60 62 84 16 89 5 65 91 67 67 47 
 31 98 53 46 41 49 66 73 40 75 30 4 
 53 89 13 5 66 76 19 5 19 52 13 72 
 28 63 25 72 7 10 4 78 100 25 79 12 
 76 52 77 70 
 1 81 77 32 43 83 33 97 25 78 55 44 
 76 14 78 60 4 66 4 49 31 35 56 41 
 19 71 20 22 28 79 18 26 36 49 92 73 
 57 66 31 19 87 28 32 100 28 47 22 30 
 90 44 33 31 58 25 58 65 98 51 74 49 
 92 68 71 97 93 35 60 10 65 7 11 22 
 19 2 92 44 99 26 44 9 40 64 87 48 
 38 34 81 29 56 99 28 58 23 29 52 84 
 33 18 48 20 
 416 379 385 374 398 385 388 411 398 388 
