 5 200 
 79 93 86 59 68 32 50 91 93 95 22 48 
 19 30 92 65 58 72 15 44 86 45 19 56 
 107 42 77 81 86 63 87 108 49 98 59 81 
 22 84 95 104 40 50 39 21 78 40 90 88 
 80 26 25 68 36 68 84 110 41 58 83 86 
 19 11 38 40 69 23 45 74 87 55 40 90 
 9 68 38 36 40 85 92 76 112 87 80 66 
 91 28 28 77 13 29 82 52 69 23 96 97 
 80 83 80 65 101 49 61 63 55 73 72 77 
 105 112 61 46 102 107 78 95 92 49 80 20 
 106 80 90 56 43 47 79 110 40 28 57 66 
 35 35 61 79 90 70 33 11 27 28 32 60 
 74 64 103 54 77 81 105 49 36 34 109 93 
 101 9 39 31 98 61 75 88 108 63 43 56 
 53 47 20 28 13 106 51 62 63 75 54 33 
 74 58 76 52 51 5 56 46 33 65 38 97 
 73 38 92 48 60 65 55 56 
 98 73 46 57 40 17 20 19 35 63 43 55 
 46 90 82 100 70 102 22 34 88 107 74 83 
 42 42 56 85 95 36 44 22 94 103 17 91 
 20 98 89 81 11 11 35 72 66 95 44 30 
 48 20 28 25 18 93 112 32 49 19 103 98 
 57 75 86 79 80 74 32 90 34 89 103 18 
 64 4 24 33 60 32 53 97 30 55 89 66 
 56 102 17 25 54 36 49 31 15 20 30 18 
 48 40 80 70 101 49 61 64 78 72 19 94 
 28 42 76 23 73 88 52 105 42 37 61 9 
 26 42 80 10 75 57 17 46 81 24 107 72 
 46 60 112 17 30 44 83 12 61 91 71 29 
 29 40 76 118 92 61 49 90 71 90 12 82 
 37 89 23 61 16 69 67 102 113 90 97 35 
 50 17 8 66 24 63 89 100 21 34 32 35 
 75 23 81 80 44 115 53 59 50 103 91 95 
 2 99 66 44 73 45 92 99 
 23 84 23 79 92 46 110 41 64 98 107 58 
 86 112 87 111 33 55 89 13 75 70 45 108 
 23 43 28 108 75 58 85 55 61 86 25 73 
 35 15 52 107 65 80 14 47 41 58 111 98 
 102 27 34 61 90 63 73 82 72 12 26 45 
 54 103 74 49 93 60 85 57 94 23 22 65 
 47 33 89 41 22 18 109 100 81 78 116 79 
 41 118 20 99 74 39 65 110 42 53 73 88 
 58 35 47 80 104 43 61 72 82 32 47 68 
 89 69 49 37 19 29 53 90 50 11 103 106 
 51 98 43 36 83 48 5 27 48 15 89 34 
 88 37 21 45 74 51 25 56 28 88 33 51 
 75 88 20 54 49 62 92 90 14 88 30 105 
 32 88 50 77 90 48 98 73 11 47 28 104 
 84 91 32 12 85 60 75 67 117 47 102 20 
 41 35 67 24 48 50 29 58 59 118 15 96 
 40 84 76 12 39 36 100 70 
 81 35 25 10 11 108 59 34 90 35 55 75 
 67 75 104 78 48 24 78 36 3 62 23 44 
 6 60 56 94 19 28 28 109 106 104 17 66 
 36 40 45 102 93 51 109 49 95 90 88 74 
 64 20 105 48 99 109 50 62 54 68 45 79 
 107 56 14 28 39 27 13 117 40 64 84 24 
 31 68 69 56 28 87 59 84 99 43 29 21 
 71 69 23 72 79 110 43 91 90 109 73 76 
 84 33 69 80 51 54 39 55 67 8 68 90 
 43 64 49 72 86 26 44 49 40 77 40 83 
 65 45 60 78 73 21 53 85 84 74 74 62 
 77 43 86 53 95 34 54 91 27 51 80 61 
 71 38 95 82 94 7 34 103 35 99 41 69 
 108 90 36 32 31 43 51 67 35 90 55 58 
 59 11 27 100 20 89 72 59 117 98 22 19 
 37 38 111 104 60 94 41 55 41 92 53 32 
 91 38 55 81 94 72 5 54 
 40 66 21 19 74 18 52 31 33 102 94 18 
 66 11 108 60 25 44 89 73 32 73 10 44 
 2 118 72 36 56 71 31 84 69 107 80 93 
 55 99 41 90 22 32 74 79 71 50 114 47 
 109 95 108 56 13 72 26 32 15 24 100 82 
 75 75 17 38 89 7 60 51 60 19 35 68 
 23 70 80 89 68 59 32 5 18 25 48 107 
 6 78 110 61 53 60 114 96 40 8 64 85 
 36 83 55 44 41 24 100 63 25 102 79 33 
 75 108 75 35 80 46 60 65 49 19 86 76 
 9 74 98 55 90 100 23 100 19 10 43 85 
 19 24 35 72 51 95 30 76 115 47 93 22 
 65 80 61 97 31 28 8 70 56 95 27 99 
 76 44 115 35 40 70 42 49 70 34 112 37 
 12 101 49 54 28 50 45 111 44 106 81 87 
 73 58 66 72 30 34 91 8 103 13 18 11 
 10 24 80 54 102 68 115 41 
 33 27 15 58 48 72 61 13 9 11 85 54 
 92 71 10 44 49 39 98 65 26 65 90 49 
 13 63 30 25 34 55 33 6 55 11 54 35 
 84 20 18 5 64 58 74 98 33 79 24 26 
 33 89 96 42 68 50 17 1 71 49 35 26 
 89 94 77 72 52 78 60 40 22 46 63 28 
 97 40 74 85 71 32 11 34 3 31 39 48 
 18 74 77 44 96 81 27 59 45 87 7 5 
 36 38 21 38 2 55 58 51 50 48 45 30 
 15 4 44 74 1 12 30 23 23 55 26 94 
 7 37 30 63 61 68 38 9 80 76 59 43 
 76 73 52 38 19 47 77 95 79 90 78 47 
 29 51 10 54 38 30 3 64 82 69 5 22 
 10 93 67 83 14 46 30 13 5 50 76 52 
 65 72 99 87 88 5 55 53 48 41 50 71 
 28 57 35 66 59 96 46 68 71 40 79 24 
 29 76 23 55 57 56 48 50 
 5 32 72 63 79 90 99 85 78 43 59 56 
 69 20 28 6 37 14 81 81 33 9 39 28 
 75 66 63 20 13 83 67 89 17 6 91 25 
 93 4 20 38 98 93 77 33 43 22 76 89 
 72 88 73 84 95 20 1 83 60 85 11 10 
 60 46 19 22 36 45 87 20 86 30 12 99 
 47 99 82 78 45 87 56 15 80 55 20 52 
 65 18 99 78 54 78 58 70 97 82 74 97 
 58 73 24 46 19 71 53 56 24 39 85 8 
 76 64 31 82 38 24 53 3 61 66 54 98 
 85 59 33 94 32 48 86 61 40 85 1 45 
 65 55 5 90 87 64 29 92 49 20 46 85 
 79 77 39 3 9 54 72 24 40 15 97 23 
 80 24 93 57 96 49 51 6 6 29 16 83 
 52 96 95 44 84 48 31 15 99 67 77 66 
 45 88 40 34 65 4 49 43 67 13 18 25 
 100 3 43 67 31 64 17 10 
 96 31 96 23 14 61 3 62 51 19 3 52 
 16 1 33 3 68 56 18 90 30 39 67 2 
 85 58 78 10 42 50 23 46 54 33 80 39 
 77 92 60 9 49 30 87 66 76 45 8 4 
 12 75 69 43 13 46 33 21 44 98 92 66 
 48 1 35 60 22 43 30 44 24 98 85 40 
 64 68 30 64 90 95 8 5 24 34 3 32 
 70 3 92 15 30 76 56 11 69 54 36 21 
 55 69 63 41 13 59 47 33 29 74 73 45 
 30 46 60 72 88 79 54 30 64 98 2 8 
 54 20 75 71 32 65 97 92 66 94 29 77 
 13 74 99 65 36 61 86 56 81 18 74 68 
 46 29 89 60 69 44 10 28 87 27 90 15 
 75 14 69 34 29 72 15 48 100 65 76 8 
 34 13 76 93 35 51 46 53 3 72 12 89 
 67 74 44 93 59 68 73 61 45 2 91 6 
 76 28 41 96 63 77 1 32 
 34 86 86 97 93 6 55 82 20 72 60 34 
 50 41 17 24 61 86 34 75 100 52 85 62 
 100 60 61 9 97 76 78 4 6 8 89 55 
 66 68 66 9 19 60 5 56 18 24 27 33 
 41 94 14 67 4 8 56 54 52 38 63 24 
 8 49 98 86 77 79 96 2 76 42 27 85 
 82 44 52 65 83 22 57 35 7 78 91 97 
 34 38 96 31 42 3 71 23 12 7 35 40 
 37 71 52 21 53 56 71 55 49 100 41 17 
 63 54 72 37 28 95 76 68 73 30 80 38 
 41 68 42 35 32 81 48 23 32 28 34 40 
 35 60 15 66 19 77 48 15 88 64 24 45 
 31 77 15 34 16 95 67 18 79 18 68 36 
 3 24 79 88 70 66 56 34 71 25 62 56 
 53 96 82 7 97 15 47 61 2 23 88 93 
 67 65 1 9 44 11 76 51 68 12 56 86 
 17 71 65 26 20 45 96 63 
 68 50 85 92 37 95 62 85 87 8 9 91 
 37 95 9 48 85 75 26 48 80 41 91 66 
 99 3 43 85 48 35 89 23 42 5 36 13 
 66 11 73 13 92 77 29 22 49 60 6 68 
 9 11 12 46 99 32 80 72 100 94 6 27 
 34 31 95 67 14 97 47 60 51 93 67 39 
 82 47 29 24 35 59 87 99 84 91 66 7 
 99 25 4 46 65 46 4 16 62 93 53 23 
 80 34 64 70 67 94 18 52 80 7 27 83 
 35 11 34 67 35 61 49 43 59 83 27 26 
 98 35 22 62 28 2 86 15 95 97 69 27 
 100 87 82 39 69 18 76 35 1 58 13 96 
 50 36 60 11 70 91 99 47 61 7 79 20 
 38 60 4 67 76 38 77 63 45 67 1 84 
 94 12 62 58 90 64 73 7 72 5 32 16 
 31 55 53 42 79 82 30 96 6 92 97 97 
 97 81 36 55 5 53 1 67 
 1547 1699 1589 1614 1694 
