 10 200 
 35 57 24 9 76 85 54 89 64 96 53 65 
 65 109 89 57 34 105 14 90 74 47 90 58 
 67 78 106 42 62 100 23 41 40 50 71 105 
 32 94 93 42 85 23 54 93 33 34 97 55 
 33 1 93 76 32 59 105 42 35 97 75 53 
 50 84 56 109 99 80 52 106 87 85 86 74 
 16 55 25 91 64 64 75 91 85 25 17 35 
 54 76 76 83 84 41 46 27 50 12 47 65 
 23 22 114 67 25 29 54 12 98 10 51 24 
 102 107 91 15 34 57 63 106 24 62 35 53 
 50 41 105 93 59 68 46 100 77 48 18 32 
 79 63 55 53 60 50 45 4 79 54 63 99 
 101 47 16 30 71 65 43 88 40 71 95 62 
 24 51 82 48 36 58 60 80 99 65 33 10 
 47 16 73 66 99 81 101 21 78 43 96 89 
 39 90 33 102 94 103 26 90 50 89 29 108 
 28 52 25 57 83 97 31 82 
 38 38 115 104 2 102 109 17 72 36 58 92 
 23 56 112 76 87 14 106 91 69 29 38 37 
 35 13 31 53 106 79 80 87 79 21 42 14 
 99 57 43 10 76 61 28 26 75 33 18 28 
 23 107 52 47 28 59 89 18 70 25 89 94 
 31 18 47 29 34 97 80 61 52 26 91 41 
 23 54 58 62 74 59 45 106 58 101 75 78 
 89 93 79 16 99 78 64 73 55 44 90 54 
 74 100 44 23 78 115 75 19 35 73 101 34 
 13 92 35 95 6 102 98 29 82 67 55 39 
 3 42 92 66 112 106 77 28 29 85 44 49 
 24 48 106 109 46 62 100 98 101 94 85 22 
 109 36 16 46 12 56 94 54 28 67 81 51 
 40 57 33 43 57 11 83 46 92 53 12 104 
 83 45 30 13 95 32 25 21 21 54 79 120 
 117 42 111 76 42 31 73 107 59 13 31 69 
 50 59 93 62 115 65 91 95 
 86 45 17 40 88 90 34 25 90 27 45 40 
 64 67 89 57 59 91 21 95 71 91 40 64 
 31 113 83 35 37 55 73 61 70 94 102 1 
 1 80 68 70 37 92 48 43 55 57 87 16 
 69 88 111 43 81 94 81 65 97 78 32 96 
 97 100 63 17 15 64 57 26 35 92 93 76 
 95 65 93 43 108 37 33 52 10 104 82 95 
 118 43 5 111 78 22 70 67 48 18 56 67 
 21 48 107 99 73 41 70 62 9 104 81 21 
 68 59 89 45 78 45 106 83 89 5 19 105 
 35 17 103 25 112 72 59 112 98 102 71 75 
 80 62 66 15 38 94 19 39 92 95 30 22 
 19 37 46 78 72 109 100 32 64 78 108 73 
 62 45 36 38 87 106 36 45 50 99 88 60 
 31 98 52 101 56 80 44 89 70 53 58 77 
 35 23 58 101 88 37 12 99 9 102 96 53 
 105 102 26 45 28 90 74 46 
 33 23 94 33 2 72 49 56 105 85 70 95 
 3 41 97 22 29 36 40 29 73 92 30 110 
 37 53 56 116 94 19 9 105 56 40 15 44 
 68 111 60 35 85 67 85 33 90 100 70 66 
 77 94 44 55 28 88 91 81 83 46 14 57 
 58 36 77 109 31 100 35 7 84 97 98 42 
 86 39 56 92 63 57 46 70 18 15 51 88 
 19 83 15 100 36 91 119 32 86 69 32 16 
 57 99 65 35 70 79 42 91 77 80 67 100 
 103 92 66 111 47 45 82 26 44 74 82 109 
 81 19 64 68 51 88 40 64 47 92 94 86 
 22 82 41 2 100 92 60 62 81 110 22 28 
 14 72 88 25 55 97 29 106 95 102 33 33 
 24 70 99 57 87 101 78 59 46 37 77 20 
 88 102 45 88 64 56 39 5 22 89 93 46 
 74 57 105 14 8 60 65 18 67 112 23 37 
 73 28 108 34 22 96 67 67 
 66 97 66 111 111 96 96 109 82 6 92 73 
 36 14 50 102 101 90 48 17 33 91 35 69 
 59 96 85 58 63 54 36 70 74 27 77 25 
 27 65 62 103 42 21 78 70 90 37 37 54 
 91 54 66 45 28 51 70 24 4 13 29 76 
 112 50 83 80 102 46 50 108 80 12 37 61 
 41 114 50 105 37 54 73 44 43 57 33 103 
 91 75 78 93 87 70 105 17 25 81 61 108 
 73 89 104 39 62 55 43 74 33 62 25 69 
 91 55 55 104 18 63 37 90 54 31 41 29 
 32 77 14 73 95 52 55 9 45 13 114 82 
 22 51 23 98 80 73 27 57 56 77 95 70 
 109 65 78 90 20 47 32 50 83 111 69 100 
 20 47 22 40 46 38 105 61 39 101 57 50 
 39 48 96 41 111 33 36 80 40 90 48 70 
 86 57 80 114 72 47 16 52 58 34 72 41 
 16 109 95 43 105 48 101 71 
 58 61 46 21 27 104 34 16 67 37 73 117 
 20 73 80 22 103 27 73 90 34 22 6 74 
 48 48 77 19 106 79 37 82 60 78 98 77 
 108 69 38 21 22 38 69 44 44 74 66 38 
 95 51 50 94 47 45 59 61 71 67 95 80 
 42 39 45 71 99 76 91 12 67 73 67 19 
 26 55 106 82 91 99 103 111 18 25 91 30 
 31 78 38 92 40 72 43 41 38 102 34 43 
 61 48 14 52 95 63 76 100 14 49 48 50 
 29 108 45 86 16 36 91 85 48 97 24 16 
 89 20 91 80 102 80 27 69 108 15 8 44 
 32 47 11 35 74 23 68 86 35 87 63 97 
 102 93 78 28 17 44 108 84 38 64 101 37 
 46 88 79 103 68 97 108 38 71 77 90 56 
 104 26 75 30 43 44 77 16 86 70 72 49 
 106 40 33 92 28 21 46 73 97 84 19 78 
 86 56 80 30 77 44 63 39 
 99 3 68 86 75 46 82 81 29 61 108 23 
 79 90 40 96 43 93 31 56 17 51 25 73 
 20 20 85 32 49 89 75 84 41 90 80 20 
 47 25 103 91 61 40 50 48 89 82 36 56 
 87 42 76 49 97 109 92 49 38 97 34 45 
 76 27 21 51 68 59 56 41 87 59 81 47 
 30 72 55 102 102 46 43 74 51 74 72 105 
 85 65 4 46 2 17 111 27 86 40 68 101 
 91 66 73 40 20 80 87 92 94 14 58 8 
 38 55 37 15 23 98 102 16 35 47 79 51 
 107 116 52 42 29 12 58 23 12 90 81 31 
 95 30 84 115 41 76 96 28 51 82 43 65 
 61 20 83 36 58 86 88 52 17 47 68 54 
 16 10 107 23 105 55 84 69 43 51 90 40 
 96 81 50 112 45 68 83 94 16 37 44 62 
 59 75 113 78 35 89 60 95 88 62 37 74 
 77 84 53 93 99 67 73 25 
 52 61 4 85 34 50 28 114 92 43 26 35 
 70 109 68 62 50 64 63 71 18 60 108 47 
 70 21 79 106 78 105 53 80 41 107 61 43 
 9 92 102 99 64 56 62 97 81 88 103 40 
 86 15 82 17 52 18 90 59 94 59 41 8 
 100 54 107 20 21 35 53 38 114 98 45 48 
 100 36 37 73 30 31 38 10 63 48 79 110 
 6 70 68 109 33 26 31 30 44 106 41 7 
 64 60 67 107 82 17 62 79 23 44 32 110 
 71 81 44 71 45 92 103 25 53 97 57 76 
 108 59 95 55 19 96 52 82 37 65 99 49 
 98 97 59 74 46 110 58 58 28 64 108 85 
 37 36 60 64 75 79 45 85 86 34 29 39 
 63 60 34 48 17 29 60 107 46 92 69 38 
 75 58 38 30 40 8 107 58 33 96 27 50 
 89 61 93 21 29 48 103 71 15 98 48 92 
 15 98 93 82 54 78 19 78 
 86 59 88 98 37 25 32 98 59 106 32 29 
 102 89 56 12 32 24 80 91 77 112 33 21 
 34 79 56 25 87 29 90 23 94 106 58 24 
 80 87 45 96 35 26 77 48 16 31 77 69 
 46 47 56 57 51 25 17 30 29 83 75 22 
 105 89 112 66 61 16 26 44 6 30 60 63 
 30 37 59 77 104 18 37 107 105 62 18 28 
 26 25 41 30 68 100 50 68 73 99 11 21 
 42 44 70 23 101 91 28 75 72 61 61 50 
 51 85 25 19 44 20 85 9 86 22 61 97 
 32 67 34 33 76 22 65 25 6 74 73 45 
 27 72 47 69 15 43 25 83 94 88 66 65 
 110 31 49 107 109 108 81 114 31 39 94 18 
 89 68 42 98 15 84 56 15 55 75 49 47 
 29 74 102 72 105 25 95 45 96 89 96 69 
 43 35 83 97 75 117 8 98 96 66 84 62 
 102 43 47 66 49 66 80 30 
 116 45 15 61 29 18 19 83 55 70 84 28 
 68 104 35 54 39 102 46 78 19 9 47 40 
 72 99 73 9 49 75 40 23 70 88 83 50 
 99 110 42 25 26 16 82 56 20 109 23 31 
 74 41 52 82 28 53 97 82 86 20 8 80 
 24 30 77 34 56 59 34 44 24 88 94 18 
 68 66 53 69 25 77 44 15 62 40 79 55 
 111 33 115 115 12 39 22 94 77 26 14 34 
 36 37 30 13 67 60 105 75 106 24 30 45 
 41 110 87 79 40 47 118 48 100 70 91 51 
 96 13 16 94 43 57 26 15 100 62 26 66 
 97 79 49 26 40 78 43 28 38 34 91 75 
 95 37 67 30 48 88 31 87 92 19 63 101 
 29 63 81 12 72 80 28 38 23 56 39 49 
 22 97 10 78 63 40 52 23 8 65 61 60 
 36 31 112 17 11 38 9 58 57 82 100 63 
 69 35 15 83 21 30 39 63 
 86 45 79 99 25 34 53 17 48 12 63 39 
 45 3 13 60 87 15 90 13 27 73 20 44 
 43 37 14 79 42 1 80 75 75 68 36 3 
 81 11 12 70 16 96 67 10 77 86 21 57 
 76 100 18 35 79 49 15 67 73 21 35 54 
 53 33 53 11 10 28 69 11 21 34 35 45 
 85 62 82 20 47 56 27 23 36 79 93 66 
 49 44 28 38 29 72 61 87 53 97 69 48 
 81 81 3 47 87 78 49 93 21 97 54 93 
 12 8 16 96 85 46 58 4 82 43 78 56 
 57 63 6 23 55 46 55 21 35 58 100 79 
 33 41 66 61 49 61 65 97 39 56 58 10 
 2 64 91 91 37 55 68 16 62 39 18 55 
 83 58 24 65 80 58 54 25 20 41 83 94 
 54 85 31 48 6 37 9 97 24 70 5 19 
 80 11 88 14 10 18 82 22 67 30 73 8 
 84 54 94 50 20 20 79 34 
 81 72 3 9 99 11 8 85 47 73 45 24 
 88 61 9 37 24 88 15 12 49 81 83 78 
 72 91 85 62 13 41 21 19 34 97 65 92 
 13 57 78 99 28 54 92 90 45 79 89 74 
 87 11 68 57 78 55 20 98 31 85 25 21 
 90 88 56 85 75 7 37 51 53 80 26 61 
 82 64 63 49 47 62 69 8 44 19 28 38 
 14 14 35 89 6 24 46 31 50 68 19 63 
 28 21 73 92 34 3 46 90 85 29 7 79 
 98 27 76 19 95 17 17 82 27 44 60 67 
 100 68 14 43 1 9 28 83 74 29 59 63 
 79 73 14 3 69 43 7 3 11 14 19 86 
 2 82 88 63 94 53 16 48 80 51 32 55 
 63 62 85 71 55 93 19 64 22 59 90 10 
 30 75 82 95 9 83 93 82 87 61 32 1 
 3 69 6 42 66 74 34 12 62 99 77 50 
 71 49 10 39 4 49 21 24 
 20 65 85 72 25 18 77 79 30 76 73 65 
 52 44 17 57 43 15 91 6 36 14 76 38 
 82 2 21 77 78 58 36 48 50 25 4 100 
 100 23 35 45 70 18 69 69 48 50 20 98 
 52 20 8 77 31 24 36 54 7 30 80 19 
 5 18 49 88 95 37 59 91 85 27 14 45 
 7 51 12 75 5 84 73 67 95 10 22 9 
 3 65 97 10 26 84 45 47 55 85 58 42 
 83 58 7 4 41 77 45 41 99 12 29 91 
 49 61 16 63 33 75 7 36 16 98 85 16 
 77 85 12 95 8 37 47 9 6 15 37 45 
 38 45 47 91 64 7 82 72 16 20 75 80 
 85 80 70 37 46 4 7 81 56 26 7 41 
 55 74 83 82 14 7 76 68 53 22 19 52 
 79 18 67 20 48 21 57 12 32 58 54 38 
 77 87 57 7 22 75 95 10 92 18 18 51 
 15 4 81 72 78 23 47 75 
 80 95 14 85 99 48 59 48 12 17 35 12 
 100 73 11 96 90 67 73 76 30 10 86 5 
 79 51 46 3 8 86 100 10 65 61 87 62 
 33 4 56 73 23 36 23 80 20 7 33 46 
 36 13 73 56 84 18 10 28 34 62 99 56 
 52 66 33 4 87 13 86 94 20 16 13 70 
 24 66 63 9 48 61 68 51 94 93 60 19 
 82 27 93 2 66 23 2 70 25 46 83 100 
 62 16 43 71 44 31 76 20 31 29 35 12 
 5 24 46 3 61 61 35 75 60 46 25 4 
 23 93 52 33 55 27 74 37 64 11 26 29 
 94 19 77 100 21 20 52 49 23 9 82 91 
 88 42 33 86 63 8 80 10 11 3 79 79 
 77 32 13 53 26 8 37 51 71 73 31 82 
 29 5 62 30 41 51 77 99 89 32 23 59 
 47 63 14 92 95 54 49 89 34 7 90 80 
 42 90 13 68 84 5 37 37 
 52 23 48 8 8 8 12 10 38 100 9 46 
 76 87 71 19 1 22 62 91 83 20 82 51 
 62 11 25 57 53 52 82 34 42 83 28 84 
 85 56 57 3 65 88 28 49 24 77 76 57 
 11 51 52 60 85 60 50 92 100 99 76 42 
 6 70 33 35 15 68 51 7 38 97 65 55 
 63 6 54 15 73 50 42 68 71 61 87 17 
 15 39 37 28 26 51 8 93 81 40 44 2 
 44 31 4 72 45 53 70 37 81 41 92 38 
 16 48 63 12 83 40 69 31 53 89 73 80 
 70 38 94 29 25 61 52 93 60 98 7 20 
 94 68 96 19 29 47 84 59 55 31 20 45 
 9 51 37 17 93 67 71 66 22 1 42 14 
 94 58 79 63 57 68 13 41 81 8 47 69 
 78 53 5 67 2 84 76 21 71 28 61 38 
 35 47 28 1 31 56 95 60 54 75 31 63 
 86 8 13 71 12 61 13 49 
 56 59 65 97 76 12 79 90 51 74 48 3 
 89 31 28 98 6 88 30 25 80 79 100 43 
 58 62 28 91 1 36 69 20 51 37 9 29 
 7 45 63 98 88 69 37 67 76 37 36 64 
 14 54 59 14 58 58 61 48 42 41 17 31 
 73 66 73 39 11 30 14 94 36 30 46 90 
 83 61 5 35 24 9 3 5 83 85 26 80 
 81 23 72 19 69 32 71 69 63 3 68 60 
 42 55 95 66 11 39 28 7 95 71 58 54 
 72 12 65 25 99 82 12 20 53 7 77 97 
 27 91 17 26 13 23 82 35 11 98 97 68 
 89 67 95 86 42 92 42 23 68 31 40 22 
 9 18 33 82 86 63 5 17 65 46 15 74 
 75 24 27 10 43 19 4 70 38 27 18 62 
 3 88 34 84 69 74 34 93 17 38 36 58 
 3 68 69 12 90 100 59 28 13 24 98 31 
 24 50 31 86 36 58 53 66 
 15 98 46 29 41 72 34 31 88 60 5 88 
 34 20 65 13 69 24 81 53 96 64 76 39 
 98 93 28 82 68 17 37 26 75 29 24 94 
 62 77 14 25 47 74 57 58 21 39 74 46 
 29 63 43 60 7 8 27 72 68 23 80 65 
 30 87 94 68 38 61 50 63 17 62 29 63 
 76 38 46 1 15 66 63 34 56 33 43 6 
 35 39 99 67 99 87 7 94 26 69 33 14 
 21 47 39 68 99 23 22 29 19 88 56 98 
 75 66 81 98 95 22 14 95 79 66 26 55 
 12 4 62 72 72 89 46 82 98 12 40 86 
 14 78 19 2 79 26 9 76 69 23 64 56 
 50 92 22 80 49 15 26 65 89 64 33 50 
 91 92 8 89 3 50 37 43 74 66 29 62 
 15 31 60 8 76 45 28 21 85 73 70 58 
 62 38 2 23 72 31 42 24 15 47 82 47 
 31 31 50 9 4 48 48 81 
 51 49 98 17 85 62 79 5 24 69 92 74 
 47 7 40 53 61 37 47 40 88 44 13 65 
 33 94 31 4 34 8 55 31 65 2 48 69 
 92 24 3 16 49 57 59 20 40 15 12 73 
 16 90 38 88 61 95 30 51 23 50 66 93 
 8 50 12 81 97 81 68 79 3 4 72 58 
 3 84 75 35 88 79 72 100 57 68 40 6 
 96 35 47 7 73 84 78 87 75 2 67 96 
 48 51 49 8 35 98 43 34 87 70 79 5 
 46 37 62 48 63 20 14 80 63 19 63 33 
 12 50 23 47 96 12 53 37 74 47 20 66 
 13 23 57 41 61 5 43 63 79 49 5 27 
 71 69 54 41 42 25 61 27 32 76 90 78 
 42 51 86 62 95 78 42 6 71 16 38 76 
 46 53 76 87 63 95 10 45 79 8 88 69 
 22 52 9 82 83 62 5 34 90 12 67 29 
 86 23 11 33 53 38 96 31 
 22 50 19 5 80 80 69 5 44 3 80 87 
 2 21 57 90 75 78 27 13 31 9 81 89 
 86 33 56 93 14 73 24 95 27 2 48 89 
 24 29 61 8 83 91 26 70 90 77 42 38 
 74 67 48 63 61 78 98 91 89 32 42 84 
 15 23 2 54 59 88 75 59 98 89 48 53 
 71 81 58 36 3 85 84 10 10 44 97 77 
 88 78 72 82 51 16 68 47 29 15 91 91 
 77 59 43 83 14 30 74 33 43 55 43 51 
 69 31 88 88 71 95 36 96 29 88 40 6 
 87 50 68 74 38 98 38 86 98 37 33 74 
 93 41 72 41 93 67 81 29 24 24 43 50 
 1 80 62 6 10 11 27 1 72 75 9 99 
 31 41 76 15 97 18 58 94 65 37 55 64 
 76 40 6 29 13 96 22 72 9 29 5 43 
 65 70 38 6 37 2 93 7 10 36 18 53 
 11 67 67 49 72 52 24 89 
 4 72 89 58 91 98 85 25 59 44 31 86 
 41 10 66 53 77 13 56 28 84 96 67 70 
 35 22 41 94 61 42 61 97 50 31 32 70 
 22 6 72 78 77 99 39 64 91 1 86 73 
 43 62 69 38 73 57 5 33 23 94 98 30 
 94 86 35 68 46 58 73 66 81 16 10 98 
 46 40 63 52 78 30 58 94 48 77 38 62 
 3 77 2 6 90 66 89 7 36 84 98 77 
 83 66 86 93 49 47 10 46 10 86 73 72 
 76 9 27 41 61 55 2 71 15 35 11 51 
 8 89 99 18 67 59 87 97 11 39 75 45 
 21 38 69 83 72 26 70 91 68 72 23 34 
 14 68 34 83 53 31 70 25 11 92 49 5 
 72 55 24 99 42 33 84 63 97 52 65 65 
 94 21 93 26 43 74 58 91 96 56 44 61 
 76 89 1 84 90 70 93 59 49 38 13 48 
 44 76 87 36 89 72 62 44 
 794 816 758 776 791 791 805 805 836 897 
