 20 100 
 91 93 103 40 71 70 76 47 81 7 25 83 
 53 95 22 94 98 93 30 111 68 82 97 109 
 109 17 38 79 46 25 91 107 23 14 6 65 
 52 88 58 68 105 27 12 66 8 20 77 41 
 83 100 11 85 29 82 20 29 22 29 26 72 
 75 55 16 48 54 37 52 46 35 27 62 78 
 111 35 34 102 77 88 10 65 79 38 99 27 
 11 89 104 103 21 76 32 12 96 77 59 21 
 20 101 91 84 
 87 85 37 52 63 97 37 100 26 76 112 104 
 53 40 11 78 19 92 101 64 63 91 68 33 
 51 11 76 62 109 83 31 86 9 22 84 49 
 34 60 101 78 91 20 66 98 91 35 82 87 
 88 24 21 72 84 31 99 51 55 29 16 92 
 43 89 49 77 74 81 54 49 19 70 99 33 
 65 19 27 46 93 76 55 59 29 38 41 88 
 46 19 104 28 94 19 82 33 74 41 16 68 
 106 50 75 54 
 96 59 73 106 71 113 46 92 67 83 48 88 
 61 92 51 98 49 34 52 24 69 53 67 30 
 50 30 38 92 83 74 63 30 58 41 102 19 
 43 6 42 60 94 71 112 85 40 25 118 67 
 64 41 88 42 51 27 81 109 67 105 109 43 
 55 66 28 45 94 71 74 80 10 46 28 102 
 89 106 67 87 12 38 36 43 73 88 87 90 
 105 59 61 99 38 19 59 78 46 18 12 46 
 23 47 91 13 
 93 80 70 25 21 49 71 95 114 38 97 40 
 69 26 116 58 7 89 61 33 66 107 28 97 
 69 46 12 70 97 93 47 52 6 80 88 84 
 89 26 110 27 40 68 60 90 84 45 96 56 
 27 97 45 88 47 27 70 84 32 47 96 50 
 79 49 30 69 34 79 92 36 106 89 43 88 
 92 102 100 30 77 100 21 20 67 72 70 56 
 91 19 53 21 56 104 44 83 5 62 18 39 
 75 114 104 96 
 76 67 4 65 85 28 22 98 20 88 55 5 
 81 58 45 19 116 67 74 77 13 119 87 51 
 66 62 44 39 100 45 102 49 96 75 97 105 
 12 82 46 95 100 52 18 112 97 107 72 41 
 17 76 103 84 29 56 11 56 83 57 51 12 
 93 71 33 35 56 51 81 20 51 100 25 29 
 53 90 99 81 34 111 88 43 41 93 7 90 
 40 106 116 62 70 25 37 99 107 15 99 81 
 18 32 43 102 
 77 84 82 61 50 88 63 77 104 64 17 95 
 67 48 79 53 17 17 109 19 34 36 32 47 
 73 27 93 94 59 80 28 29 37 52 113 23 
 95 33 103 8 71 24 20 64 83 95 90 110 
 44 104 75 76 34 93 55 103 72 34 20 7 
 22 20 70 80 88 111 47 106 62 76 29 41 
 53 73 90 4 35 89 100 19 33 83 28 43 
 100 55 22 38 94 65 98 93 70 98 76 14 
 83 68 25 4 
 20 69 80 50 19 113 91 109 38 48 83 44 
 34 9 36 40 78 87 41 82 107 38 101 26 
 36 43 47 56 44 71 65 33 29 85 70 28 
 29 26 40 116 21 73 24 30 107 67 40 82 
 26 73 49 36 90 44 89 67 42 87 34 72 
 90 72 47 112 62 22 84 50 61 22 26 104 
 45 45 65 63 23 97 72 50 30 42 59 54 
 52 47 119 93 6 23 65 51 48 28 54 23 
 3 42 82 18 
 40 52 12 56 44 29 114 94 7 85 78 84 
 35 66 56 78 18 26 79 91 40 109 33 83 
 20 12 17 110 52 104 51 53 26 46 53 55 
 42 56 16 16 79 61 14 93 91 18 75 110 
 21 65 91 46 64 23 52 62 21 6 20 77 
 100 115 118 99 50 100 94 70 60 33 106 82 
 28 54 92 102 48 94 68 96 91 89 67 25 
 34 48 61 4 93 91 80 57 46 60 76 103 
 17 53 37 10 
 28 75 114 91 116 58 74 25 65 31 54 44 
 70 48 76 97 77 46 58 29 40 113 64 78 
 30 30 54 33 44 43 53 47 30 37 60 82 
 20 67 17 109 112 12 8 105 109 75 31 101 
 91 44 48 97 30 35 14 56 17 97 33 23 
 62 11 67 95 61 55 100 56 104 102 105 53 
 54 19 38 91 75 19 48 7 11 74 93 52 
 30 10 46 25 87 56 65 65 9 27 16 111 
 91 92 37 22 
 30 40 101 34 68 100 23 79 85 61 67 17 
 60 103 23 79 72 89 45 27 56 45 35 97 
 24 55 30 15 19 9 12 64 32 48 78 31 
 63 62 94 45 71 58 106 11 97 9 26 27 
 88 6 51 102 47 42 23 97 52 86 92 109 
 101 31 76 32 53 68 101 48 99 94 77 90 
 75 10 91 12 31 67 76 67 40 18 75 73 
 59 29 79 29 72 91 32 98 102 109 92 79 
 12 11 47 70 
 113 33 107 39 94 43 66 25 102 56 66 95 
 18 24 80 107 81 33 85 96 37 87 82 67 
 18 70 36 60 38 87 45 106 109 73 33 35 
 36 2 42 59 7 16 38 64 32 7 103 34 
 17 79 37 24 91 31 42 68 44 48 39 113 
 14 67 100 22 88 113 79 27 81 76 106 26 
 94 115 105 54 20 30 74 24 42 78 64 23 
 71 82 21 93 82 18 57 95 55 90 68 54 
 82 113 98 107 
 102 97 36 16 22 117 16 46 52 42 34 33 
 25 21 46 65 85 45 44 55 48 58 89 73 
 50 92 74 98 33 98 115 84 106 56 43 88 
 2 30 30 23 93 50 57 75 25 24 76 42 
 98 63 111 72 50 48 40 108 78 94 19 48 
 60 33 32 58 30 53 111 40 102 28 40 114 
 61 47 109 50 75 85 58 35 61 44 27 82 
 110 92 66 48 111 79 77 28 10 88 41 63 
 26 65 74 111 
 95 63 11 22 81 48 68 19 61 40 13 60 
 24 97 39 110 59 14 61 84 95 115 52 58 
 67 52 44 103 75 33 82 106 34 35 101 24 
 17 68 69 26 81 55 10 60 65 55 99 58 
 48 83 28 48 66 26 63 45 62 58 40 19 
 55 81 75 91 60 59 79 90 43 48 13 80 
 64 53 52 98 57 35 54 95 91 67 43 75 
 117 45 19 15 66 84 18 96 54 15 47 51 
 28 98 28 97 
 43 88 57 106 37 22 76 22 63 92 25 28 
 101 23 54 83 27 64 83 100 73 108 57 104 
 32 25 84 61 86 37 81 64 98 17 71 96 
 90 30 87 60 61 47 42 33 82 84 82 89 
 54 81 32 111 60 29 96 52 43 62 83 72 
 33 82 29 33 79 56 96 46 94 51 47 106 
 100 102 92 99 87 86 103 59 85 53 10 85 
 87 13 78 73 71 59 77 79 81 83 29 44 
 29 79 25 33 
 89 19 52 92 101 44 29 29 68 91 82 96 
 40 79 63 57 93 25 25 23 75 30 68 84 
 35 90 35 67 45 116 44 12 108 11 22 16 
 41 98 88 17 45 82 96 46 10 104 37 49 
 66 52 26 20 87 100 52 84 92 97 11 89 
 97 20 15 8 35 68 42 95 26 35 26 49 
 112 66 38 63 82 13 22 24 88 48 49 104 
 29 84 79 85 23 22 35 62 64 31 48 103 
 10 111 36 55 
 54 49 99 89 92 67 72 96 34 54 14 27 
 33 44 86 59 97 88 107 89 50 43 17 38 
 41 66 88 85 22 104 90 16 38 12 56 43 
 68 59 73 60 14 98 84 85 88 57 50 68 
 19 20 71 109 67 23 80 34 75 67 109 41 
 75 76 19 86 104 24 14 21 48 32 10 53 
 105 79 114 47 91 66 103 63 36 87 57 53 
 101 64 37 110 24 60 82 83 104 15 12 37 
 85 103 88 75 
 77 102 64 96 24 50 80 69 16 110 37 30 
 101 60 23 35 53 93 38 25 20 31 107 27 
 115 15 30 57 14 94 39 58 50 49 10 48 
 37 53 88 24 87 74 40 86 20 34 100 91 
 74 101 60 103 85 48 100 68 51 30 63 22 
 33 80 87 71 96 11 34 98 65 84 61 48 
 37 63 72 44 10 25 31 18 90 58 78 90 
 77 45 86 24 64 76 20 7 115 69 41 50 
 95 31 52 91 
 20 29 30 6 58 86 43 103 85 51 13 79 
 38 98 75 16 106 76 104 76 20 14 18 35 
 67 93 22 77 63 96 79 97 106 95 40 76 
 12 115 39 103 45 13 53 36 88 59 50 51 
 30 37 106 91 15 86 107 83 89 80 6 59 
 65 112 75 90 43 68 70 26 72 101 96 47 
 47 97 12 95 81 119 73 109 106 109 76 53 
 102 98 28 59 72 69 39 62 79 10 79 22 
 19 18 109 102 
 46 62 23 81 78 46 65 23 92 58 45 65 
 100 31 111 91 82 53 61 48 63 57 22 55 
 36 103 98 92 98 78 21 95 112 56 23 13 
 20 91 116 114 89 63 43 61 69 70 98 16 
 51 45 112 60 35 103 27 49 19 47 94 81 
 54 7 60 78 41 44 30 94 27 43 24 58 
 73 38 11 53 85 32 81 105 17 104 42 26 
 41 28 98 42 65 57 82 69 76 101 35 45 
 79 110 30 14 
 43 95 81 52 75 16 93 88 31 28 73 30 
 61 87 82 21 42 22 31 108 102 16 45 22 
 104 40 85 54 22 78 22 72 87 25 49 75 
 58 84 19 72 26 86 39 74 54 89 59 61 
 32 27 77 68 53 107 105 68 68 87 84 27 
 77 78 19 44 30 50 23 67 103 99 75 12 
 38 4 41 56 64 110 52 86 78 56 97 83 
 28 15 10 77 16 69 97 24 30 21 65 32 
 54 91 54 92 
 17 24 14 76 34 32 33 55 30 95 81 38 
 61 11 85 7 18 13 89 4 38 34 4 8 
 4 84 83 36 61 81 20 2 88 93 96 44 
 54 20 61 39 4 94 98 49 93 99 25 79 
 22 6 100 26 81 29 95 79 80 82 78 42 
 44 52 91 73 62 71 49 74 78 94 59 40 
 2 70 76 17 26 14 97 51 36 63 13 87 
 96 30 17 13 90 38 88 96 15 39 48 97 
 96 8 20 32 
 20 23 72 51 58 5 82 10 87 43 7 4 
 50 69 92 27 100 17 10 55 49 21 46 88 
 55 92 38 55 8 29 87 32 99 99 31 65 
 69 52 16 41 11 94 42 16 10 83 32 34 
 19 91 95 44 30 70 20 54 56 80 93 22 
 73 26 64 36 47 34 51 70 86 36 12 69 
 44 98 77 62 22 37 65 42 88 76 80 17 
 68 94 12 77 17 95 28 72 28 67 100 50 
 4 62 31 50 
 24 54 41 1 41 8 69 15 50 31 55 32 
 52 18 57 8 56 78 59 88 48 50 45 76 
 68 90 76 29 19 41 55 90 55 74 4 92 
 67 99 61 44 21 41 3 32 65 85 1 47 
 44 76 31 64 68 82 26 1 48 4 10 75 
 52 49 90 66 11 37 42 40 95 67 80 13 
 19 11 43 17 90 66 73 62 46 14 33 29 
 5 47 41 12 81 92 53 35 70 86 90 57 
 83 56 25 95 
 8 30 36 86 87 61 42 8 2 71 16 77 
 32 90 5 53 98 24 43 69 40 8 91 5 
 51 75 91 33 22 14 61 50 99 28 25 23 
 28 81 4 74 81 36 60 13 33 76 21 55 
 94 16 69 30 59 77 43 27 83 60 14 66 
 37 69 90 46 69 25 26 79 4 31 66 31 
 19 13 19 89 37 13 89 99 48 44 42 51 
 29 98 64 90 60 6 64 21 99 48 89 72 
 30 3 4 9 
 37 45 99 39 19 81 90 20 95 15 52 96 
 27 54 68 83 3 38 42 29 90 2 33 62 
 36 51 66 62 3 68 7 61 9 29 10 10 
 89 39 56 18 14 68 86 6 7 13 38 74 
 90 41 2 26 87 57 93 49 36 50 67 99 
 16 48 68 84 60 60 38 98 50 6 82 90 
 63 30 4 33 71 9 26 71 61 19 99 12 
 76 3 4 40 47 88 69 10 11 94 4 21 
 90 88 59 7 
 32 25 19 44 69 31 50 29 14 53 92 15 
 45 58 27 63 91 94 8 88 75 83 86 72 
 34 75 18 14 57 33 82 87 71 62 4 81 
 17 72 6 93 39 77 81 46 32 14 11 1 
 74 4 33 45 87 20 65 6 45 86 94 99 
 82 88 49 33 18 2 54 1 56 26 85 72 
 59 35 19 100 69 16 12 98 79 31 92 59 
 9 59 88 83 11 42 4 11 41 18 39 90 
 28 53 76 100 
 89 39 37 57 96 3 20 10 65 65 25 70 
 67 95 79 73 26 32 71 19 9 79 1 82 
 71 60 64 48 69 45 55 72 81 29 45 89 
 82 81 81 5 86 33 80 80 10 35 76 30 
 81 41 64 75 24 58 26 39 71 23 70 45 
 16 31 67 6 57 83 26 55 57 87 82 13 
 60 66 39 40 89 16 47 68 80 61 53 64 
 53 58 2 9 96 86 38 64 55 83 67 89 
 100 63 32 86 
 72 63 90 56 71 80 2 7 94 21 42 23 
 84 41 55 40 100 82 37 13 61 3 85 36 
 81 99 97 4 53 2 51 65 86 73 55 57 
 65 62 100 85 23 58 95 27 17 97 26 8 
 80 55 22 70 41 97 58 40 97 95 82 34 
 17 4 2 17 69 2 11 31 46 73 1 27 
 87 54 23 8 60 20 52 19 17 24 35 96 
 71 64 43 100 19 11 34 54 56 46 41 17 
 99 58 78 93 
 79 45 6 30 3 61 29 92 55 74 57 70 
 43 56 36 4 44 73 58 88 67 7 47 40 
 88 77 57 86 63 70 57 54 87 81 51 39 
 98 50 99 4 2 93 97 5 1 42 72 2 
 13 63 56 22 76 69 100 63 96 16 74 91 
 59 90 37 23 52 59 4 46 11 15 6 61 
 62 82 63 15 43 95 71 99 91 46 23 68 
 85 99 55 91 19 56 51 47 94 90 90 4 
 16 24 72 90 
 87 74 4 81 53 20 80 39 30 47 48 96 
 49 5 82 38 48 26 62 88 55 60 80 16 
 82 65 72 98 82 97 92 57 82 62 33 78 
 55 56 9 61 32 55 1 93 18 96 88 92 
 23 97 51 17 64 66 88 6 50 31 23 5 
 9 70 38 79 61 41 17 61 6 14 43 14 
 30 96 14 89 89 46 32 34 80 85 39 37 
 62 80 37 72 32 29 70 20 18 4 17 36 
 98 91 66 38 
 3 86 11 75 13 71 53 77 13 55 38 19 
 100 81 28 3 28 82 22 16 72 17 21 35 
 89 36 71 55 78 17 73 12 3 37 77 71 
 80 100 70 48 97 94 65 45 70 99 3 68 
 98 24 74 88 23 79 69 40 60 73 76 7 
 94 44 14 86 23 7 37 74 38 27 1 89 
 11 4 7 61 88 77 32 81 68 29 57 82 
 49 19 94 20 30 92 44 15 48 18 51 56 
 38 3 23 2 
 6 17 67 85 82 2 92 58 62 71 70 88 
 92 93 69 43 21 63 58 58 56 46 18 43 
 52 9 31 17 83 7 2 24 9 58 72 18 
 99 74 82 78 8 63 56 33 87 82 45 60 
 21 58 8 35 56 57 78 7 27 9 85 62 
 52 72 73 50 85 57 5 65 7 78 73 7 
 52 54 12 55 26 35 52 68 40 75 75 28 
 6 19 39 67 6 29 26 77 100 23 72 43 
 78 47 41 2 
 14 46 96 81 30 68 46 92 42 65 91 52 
 78 6 75 9 42 99 47 31 26 4 56 50 
 39 57 68 7 45 79 36 1 84 78 17 79 
 87 51 48 77 29 52 100 41 45 65 7 49 
 58 34 87 53 39 92 56 61 43 43 64 97 
 48 28 33 30 42 50 35 31 76 70 94 40 
 39 53 49 14 59 86 57 16 10 36 73 34 
 2 71 95 90 42 21 98 14 62 92 59 57 
 73 8 84 10 
 62 15 45 10 82 93 43 93 50 27 93 74 
 12 85 59 22 85 41 26 13 29 4 44 4 
 69 87 25 42 20 69 34 38 17 96 46 11 
 31 71 22 50 54 68 69 83 36 36 29 14 
 64 24 85 3 53 76 6 63 63 54 26 47 
 86 24 85 84 23 48 25 64 15 57 60 2 
 20 9 21 3 16 15 3 50 26 64 94 29 
 26 94 27 31 46 56 42 27 34 33 77 64 
 73 25 96 86 
 24 94 64 14 3 74 73 87 44 20 36 20 
 69 28 57 59 15 84 82 97 27 77 36 35 
 85 31 80 39 67 4 57 94 8 95 79 98 
 69 7 29 88 70 19 17 59 98 3 66 54 
 51 49 81 95 29 21 59 22 21 23 100 19 
 15 84 89 99 74 47 79 12 94 76 81 54 
 6 54 68 49 27 99 94 77 21 58 67 7 
 80 17 41 34 81 86 78 59 38 85 59 10 
 91 6 78 61 
 63 68 5 31 23 39 47 21 82 48 100 83 
 73 57 21 62 20 15 1 17 67 70 88 63 
 65 51 17 32 86 4 20 97 69 95 59 60 
 48 58 46 51 96 3 27 28 14 60 54 36 
 99 86 41 10 36 95 39 81 33 45 1 68 
 46 41 87 20 15 89 87 82 73 69 91 62 
 13 39 2 62 10 55 13 50 73 23 46 51 
 9 55 75 8 92 54 27 18 15 90 92 74 
 16 4 17 32 
 44 1 44 23 84 54 38 32 86 1 82 75 
 11 41 87 75 62 15 73 89 98 86 2 77 
 1 98 84 54 92 16 63 44 69 53 98 53 
 73 67 30 84 28 30 75 26 89 78 18 12 
 33 10 46 14 18 72 12 38 67 80 47 98 
 75 24 21 46 16 100 83 14 50 19 59 60 
 81 45 43 66 94 92 78 93 19 50 41 21 
 29 62 32 93 37 27 98 94 6 47 71 67 
 12 85 63 18 
 96 73 89 96 47 21 71 6 20 65 92 41 
 76 15 38 93 15 31 17 27 96 100 89 73 
 35 26 81 29 41 24 36 22 2 12 71 30 
 90 4 79 2 74 99 67 78 19 57 52 61 
 71 75 10 25 86 30 7 18 23 27 100 53 
 49 7 35 30 66 45 37 93 33 14 19 58 
 69 18 95 24 24 1 33 4 2 10 36 66 
 8 22 73 54 38 33 63 56 40 92 26 95 
 98 100 7 14 
 57 40 80 24 29 70 53 95 25 43 66 46 
 20 78 5 30 26 54 41 56 58 53 88 53 
 79 13 11 13 16 27 81 19 4 46 84 98 
 88 22 2 2 15 50 68 58 50 38 13 89 
 59 74 2 45 71 16 78 55 89 73 26 31 
 47 97 48 31 75 65 88 24 86 64 87 56 
 47 63 93 60 23 74 37 15 88 1 78 88 
 75 73 21 69 53 48 39 40 29 6 77 70 
 28 4 83 94 
 78 10 38 63 33 92 28 17 82 91 42 77 
 53 28 29 100 75 96 90 1 12 85 56 79 
 7 69 26 52 85 42 95 45 22 92 69 26 
 47 23 93 41 76 16 76 39 53 19 47 42 
 88 82 40 52 68 4 16 34 38 25 33 91 
 24 27 82 63 91 66 79 46 17 9 46 91 
 66 98 69 63 46 11 59 24 39 46 12 21 
 82 96 91 37 87 32 23 97 82 82 40 78 
 65 11 51 19 
 207 204 196 191 189 200 219 203 219 209 196 195 
 207 182 217 194 211 187 201 211 
