  5 100
  80  136  996  108  137   27  123   62  325  995  138  193   62  107   51  491   74  243   52  192  124  497   70  116  193   42  996  329  332  243  160  992  194  242   16   85  498  247  999   90   57  492   75   87   99  108  996  996   70  324  141  194   70  244  491   30   30  997   34  192  991  165   16  122  994   63  498  156   97   68   64   65   39  490  103  332  996  123  325  138  194  996   80  324  158   46   55  135   19   71   36  158   56   23  323   51  191   54  241   65 
 244  998   47  163  196  324   35  105  249  999  240  490   27   74   95  328  327   46   39  138   30  992  191  194   18   42   39  119  244  242  243   65  492  122  191  991  331  163  137  247  331  198  998  110  328   57   79  491  199   12  122  141   70   53  105  159  110   57   30  123  242   73   47   66  132  196  156  329  996  325  991  331   19  111  493   67  199  101  991   38  323   57   82  499  120  198   75  998   12  993  998   50  242   26   98  995  990  332   24   73 
  31   26  490  245  330  194  157   70   20   19   54  158   36  323  493  197  496   36   45   46  992   59   51  139   76  992  323  134  991   98   49  115  330  106  156   49   42  999  115   46  491   82  996  995   50  323  995  327   60  325  993  120  493   92   25   19  490  244  323   59  327   81    7   40   29   57  161  999   92   67   20  137  198   19   69  494   49  497  992    4   15   46  194  493   28   20   31   46   16  990  997   34  106  327  497  996  245   28   92   78 
 198  491  247  195  106   25   41  245  244  243   36  493   45   33   82   55  115   32  246   50   61  999  998  329   94   73  997   90  997  994  195  197  193   68   24  245  498  243  246  190   48  157  244  332   60  190   46   39  100  245  137   50   75   22   56   26  197  132  240  248  120   40 1000  993  110   96  199  248   48  164   30  199   83  497   33  990   70   67   78   35  495  124   46  993  492   27  199   52  491  248  119  997  331   53   43   23  323   99   53   99 
  18  192  160  190  141  106  247   61  995  248   29  105   89   62   93   74  327   29  990  125   54   57  246   36  242   35  493  247   25  329  104   97  330   38  123   46  332   59   29  123   93  991  190   44  998   33  997  247  240  115  490  999   87  332  993  328  328   17   35   82   25   93   39   32   81  105   38  244  137  249  241   92  110  122  162   54   85  157  190  107  493  496  117  156  198  122  491  160   17  108  195   88   64   76   41  243   37  161  991  162 
  11    7    1    9    7   27    8   15    3    1    7    5   14    9   17    2   12    4   16    5    8    2   13    8    5   19    1    3    3    4    6    1    5    4   45   11    2    4    1   10   15    2   13   11   10    9    1    1   13    3    7    5   14    4    2   27   26    1   23    5    1    6   50    8    1   14    2    6   10   13   14   14   24    2    9    3    1    8    3    7    5    1   11    3    6   18   16    7   36   14   23    6   16   32    3   17    5   18    4   14 
   4    1   18    6    5    3   25    9    4    1    4    2   31   13   10    3    3   18   25    7   30    1    5    5   36   20   24    8    4    4    4   15    2    8    5    1    3    6    7    4    3    5    1    9    3   17   12    2    5   48    8    7   13   18    9    6    9   16   27    8    4   12   19   13    7    5    6    3    1    3    1    3   47    9    2   14    5    9    1   22    3   15   11    2    8    5   13    1   47    1    1   17    4   33   10    1    1    3   31   13 
  26   29    2    4    3    5    6   13   38   34   16    6   26    3    2    5    2   26   19   18    1   16   17    7   12    1    3    7    1   10   20    8    3    9    6   17   23    1    8   18    2   11    1    1   19    3    1    3   16    3    1    8    2   10   28   42    2    4    3   15    3   11   59   21   27   17    6    1   10   13   36    7    5   47   13    2   20    2    1   91   54   18    5    2   26   35   30   19   40    1    1   28    9    3    2    1    4   33   10   12 
   5    2    4    5    9   35   20    4    4    4   22    2   18   24   11   16    8   28    4   18   16    1    1    3   10   13    1   10    1    1    5    5    5   14   33    4    2    4    4    5   17    6    4    3   15    5   18   21   10    4    7   19   12   32   15   37    5    7    4    4    8   21    1    1    9   10    5    4   19    6   28    5   12    2   26    1   13   14   12   23    2    8   18    1    2   27    5   18    2    4    8    1    3   16   22   35    3   10   17   10 
  39    5    6    5    7    9    4   16    1    4   31    9   11   16   10   12    3   26    1    8   16   16    4   23    4   22    2    4   35    3    9   10    3   26    8   19    3   16   27    8   10    1    5   19    1   26    1    4    4    8    2    1   11    3    1    3    3   47   27   11   32   10   23   24   11    9   22    4    7    4    4   10    9    8    6   16   11    6    5    9    2    2    8    6    5    8    2    6   40    9    5   11   15   12   21    4   22    6    1    6 
  156   162   219   169   174 
