 10 100
  87  139  996  109  141   31  122   58  326  997  139  195   65  101   58  497   74  242   58  193  124  494   69  119  192   48  998  329  325  249  164  995  197  243   18   86  493  249  993   92   60  492   70   84   96  104  996  999   75  328  135  198   61  246  495   36   33  999   41  194  996  164   14  125  995   66  492  161   96   69   65   64   33  493  106  326  996  115  328  136  197  991   86  326  156   54   52  140   24   67   36  161   57   25  327   49  193   53  241   69 
 245  997   45  165  196  332   35  106  248  997  247  494   25   71   98  332  324   51   36  135   26  996  191  199   20   42   38  117  248  245  244   56  496  121  190  994  331  158  137  246  332  193  993  103  326   56   76  495  199   16  118  133   72   53  101  161  101   60   33  120  241   77   48   73  136  193  159  329  995  328  999  325   19  106  496   65  195  108  994   38  325   63   89  491  124  196   74  997   19  992  990   56  249   23   96  996  992  332   27   70 
  29   27  498  242  326  198  159   72   18   26   53  164   33  324  491  191  490   28   43   54  995   53   48  140   73  993  323  141  996   90   44  124  324  106  161   55   35  993  121   52  491   89  997  996   49  332  995  328   57  323  995  123  493   90   29   17  491  245  327   63  330   80   13   40   33   55  165  998   90   74   19  140  195   12   67  494   40  498  999    5    8   54  196  491   38   19   23   51   15  994  993   29  101  323  498  992  240   23   92   73 
 196  498  249  191  109   26   45  242  242  242   41  498   52   31   88   61  119   26  247   51   61  996  992  328   95   74  994   92  993  992  191  199  192   65   26  242  492  242  246  192   52  158  243  323   59  191   51   42   93  247  134   43   80   30   60   25  195  138  249  240  115   40  997  993  108   95  199  246   43  158   29  197   75  496   31  991   66   69   76   34  495  124   46  990  496   28  193   47  498  248  121  998  330   60   42   20  324   97   53   92 
  19  194  163  192  139  110  240   54  992  243   24  106   85   58   90   77  325   35  992  115   59   53  240   41  247   45  499  248   19  324  109   90  329   28  116   47  326   53   34  122   99  996  195   45  990   34  996  242  245  122  494  993   89  332  992  326  330   15   27   84   29   97   38   32   84  101   40  245  132  242  246   90  105  118  161   57   83  165  191  110  492  490  123  162  195  120  495  165   24  108  197   86   62   74   46  240   35  156  995  159 
 990  139   89   75  109  996   46   75  242  107   81  198  490  100  197  498  491  164  990  328   33   56  160  324  195  997   94   82   34  194  137  325  135  331  164  102   49   62   16  999  498  327   26   62   38   69   80   86  138  493   39  156   31  132  497  199  332   55  494  328  498   33   73   67  165  327   37  997   58  323  195  165   47  995  247   21   85   45  248   74  138   76  990  495  325  494  191  190  327   11  190  249  163  330  996  192  329   29  492  156 
 158   37  242   53   99  332  123  164   24   18  999  996  125   52  105  105  141  493   13   81   66  325  495  160  497  331   45  141  161  242  196   38  329   70  494  493   45   65  118   55   42   39   41   22  110   26   90  491   42  329   72   33  163   49  132  245   24  119  157   54  324  996  105  997  996   82  998   95   84  243  495   51   57    9  193   95   23  998  495  162  991  490  242   28  133   50   26   45  493  192   47  329  326   80   48  119  995   23  243   62 
 190  331  991  120   73  164  324  136  157  999  332  328   44  996  190   66   94   49  192  493  323   73  193   56  197  331  991  247  326   43   24  996   55  120  993  495   30   19  992  490  492  240   79  115   42  995  117  158   45  331  199  139  191  323  991   77  990  132  994  247  136  323  498  195  247   24  101   28  324  499  192  123   43   40  195  137   29   75  249  159   81  493  136  247  999  332   51  162  495  992   65   32  119  162   66   86  107   39  323  104 
  46  491   79  101  109   66  491  134  160  158  499  199  992  246  329  247  498   56   80  123   23   25   43   95  139   73   66  991   54  161  101   72  199   61  165  102   47  247   99  990  994  495  159   32  156  998  493  324    9  119  118   50  245  493  995   38   74  991  997   36  115  198   19  198   26   93   28   46   87   45  135   29    4   63  115  999  132   80  133  328  115   34  499  243  330  491   34   68  499   43  156   61   38  329   50  108  494   24  137   22 
 246  324  164  992   26  104   74   26  104   48   73  163   36   12  245  327  140  496  994    9  328  117   96  244  329  996  196   67   52   83  195   53   73   11   49  139   21   69  327   47  195  496  996  331   40  110   72   55  990  992  996   23   72   31  248  116  107   79   42  326  156  191   96  330  497  162  242  140  110   30  496  330   31   73   83  249  139  494  991   73  193   86  326  998   53   60  497  165  326   63  120   44   49  192  156  199  330  116  496   90 
  11    7    1    9    7   27    8   15    3    1    7    5   14    9   17    2   12    4   16    5    8    2   13    8    5   19    1    3    3    4    6    1    5    4   45   11    2    4    1   10   15    2   13   11   10    9    1    1   13    3    7    5   14    4    2   27   26    1   23    5    1    6   50    8    1   14    2    6   10   13   14   14   24    2    9    3    1    8    3    7    5    1   11    3    6   18   16    7   36   14   23    6   16   32    3   17    5   18    4   14 
   4    1   18    6    5    3   25    9    4    1    4    2   31   13   10    3    3   18   25    7   30    1    5    5   36   20   24    8    4    4    4   15    2    8    5    1    3    6    7    4    3    5    1    9    3   17   12    2    5   48    8    7   13   18    9    6    9   16   27    8    4   12   19   13    7    5    6    3    1    3    1    3   47    9    2   14    5    9    1   22    3   15   11    2    8    5   13    1   47    1    1   17    4   33   10    1    1    3   31   13 
  26   29    2    4    3    5    6   13   38   34   16    6   26    3    2    5    2   26   19   18    1   16   17    7   12    1    3    7    1   10   20    8    3    9    6   17   23    1    8   18    2   11    1    1   19    3    1    3   16    3    1    8    2   10   28   42    2    4    3   15    3   11   59   21   27   17    6    1   10   13   36    7    5   47   13    2   20    2    1   91   54   18    5    2   26   35   30   19   40    1    1   28    9    3    2    1    4   33   10   12 
   5    2    4    5    9   35   20    4    4    4   22    2   18   24   11   16    8   28    4   18   16    1    1    3   10   13    1   10    1    1    5    5    5   14   33    4    2    4    4    5   17    6    4    3   15    5   18   21   10    4    7   19   12   32   15   37    5    7    4    4    8   21    1    1    9   10    5    4   19    6   28    5   12    2   26    1   13   14   12   23    2    8   18    1    2   27    5   18    2    4    8    1    3   16   22   35    3   10   17   10 
  39    5    6    5    7    9    4   16    1    4   31    9   11   16   10   12    3   26    1    8   16   16    4   23    4   22    2    4   35    3    9   10    3   26    8   19    3   16   27    8   10    1    5   19    1   26    1    4    4    8    2    1   11    3    1    3    3   47   27   11   32   10   23   24   11    9   22    4    7    4    4   10    9    8    6   16   11    6    5    9    2    2    8    6    5    8    2    6   40    9    5   11   15   12   21    4   22    6    1    6 
   1    7   11   13    9    1   18   12    4    9   11    5    2   10    5    2    2    6    1    3   28   15    6    3    5    1   10   11   23    5    7    3    7    3    6    9   17   15   44    1    2    3   35   15   23   14   11   11    7    2   25    6   27    7    2    5    3   16    2    3    2   23   12   14    6    3   22    1   15    3    5    6   20    1    4   35   11   19    4   12    7   12    1    2    3    2    5    5    3   67    5    4    6    3    1    5    3   26    2    6 
   6   21    4   16   10    3    8    6   31   37    1    1    8   18    9    9    7    2   43   12   14    3    2    6    2    3   20    7    6    4    5   23    3   14    2    2   21   14    8   16   20   22   20   38    9   28   10    2   23    3   13   28    6   20    7    4   32    8    6   17    3    1    9    1    1   11    1   10   11    4    2   17   17   53    5   10   32    1    2    6    1    2    4   30    7   18   33   20    2    5   20    3    3   11   18    8    1   35    4   14 
   5    3    1    8   13    6    3    7    6    1    3    3   20    1    5   13   10   18    5    2    3   13    5   16    5    3    1    4    3   22   33    1   16    8    1    2   29   45    1    2    2    4   12    8   22    1    8    6   20    3    5    7    5    3    1   12    1    7    1    4    7    3    2    5    4   29    9   29    3    2    5    8   21   22    5    7   32   12    4    6   12    2    7    4    1    3   17    6    2    1   15   29    8    6   13   11    9   22    3    9 
  18    2   12    9    9   14    2    7    6    6    2    5    1    4    3    4    2   15   12    8   41   28   19   10    7   13   14    1   16    6    9   13    5   15    6    9   20    4   10    1    1    2    6   27    6    1    2    3   52    8    8   17    4    2    1   24   13    1    1   22    8    5   49    5   30   10   29   18   11   20    7   31   75   15    8    1    7   12    7    3    8   23    2    4    3    2   25   13    2   21    6   14   21    3   17    9    2   29    7   40 
   4    3    6    1   31    9   13   28    9   20   13    6   25   57    4    3    7    2    1   53    3    8   10    4    3    1    5   13   16   11    5   16   13   54   19    7   36   13    3   18    5    2    1    3   21    9   13   16    1    1    1   40   13   32    4    8    9   12   21    3    6    5   10    3    2    6    4    7    9   29    2    3   29   13   11    4    7    2    1   12    5   11    3    1   17   15    2    6    3   15    8   20   17    5    6    5    3    8    2   10 
   78    81   109    84    87    76    94    69    95    87 
