10 100
48 50 42 24 49 60 60 51 87 26 36 63 57 47 63 44 67 62 34 56 52 32 38 48 23 45 58 22 33 84 68 56 56 22 45 47 52 59 35 47 95 49 37 66 42 42 76 48 70 40 29 48 94 39 58 52 63 57 33 51 46 34 63 60 40 61 29 59 38 23 46 37 56 37 56 39 71 76 47 36 81 38 45 66 66 44 39 39 60 66 46 40 39 43 67 71 53 37 31 71 
48 66 38 35 27 28 32 51 46 35 40 39 54 53 29 35 49 69 36 54 74 86 60 87 36 59 37 69 58 53 41 54 46 43 57 54 53 62 65 73 65 53 35 15 54 47 38 62 76 42 43 42 34 52 28 77 51 50 60 27 66 70 36 53 65 76 33 67 61 48 64 30 44 65 68 52 31 60 38 34 50 44 88 46 59 49 39 74 50 41 21 67 60 67 60 47 35 47 30 79 
42 39 51 37 58 54 32 39 45 58 38 34 43 43 44 48 68 54 61 56 30 52 64 25 53 91 56 63 63 47 49 57 74 63 59 50 44 55 53 63 60 59 41 78 51 44 51 53 28 41 40 50 14 42 52 35 23 54 51 44 78 65 49 50 46 20 44 58 57 42 49 51 51 49 35 52 62 36 34 33 65 60 69 69 55 49 34 47 46 51 51 56 53 51 44 38 25 71 43 29 
40 35 62 37 41 63 42 61 44 50 30 31 51 31 60 37 47 65 70 49 37 58 19 68 58 64 57 30 72 61 41 33 59 43 64 29 48 50 70 60 65 41 55 47 67 85 49 33 50 31 40 61 58 58 62 28 70 50 41 44 24 61 32 36 53 49 61 75 46 38 65 60 52 44 37 43 56 51 45 56 57 26 51 65 49 38 43 50 53 40 57 61 47 51 53 47 37 74 42 30 
64 42 51 39 42 53 40 69 37 54 68 69 65 40 65 64 56 45 63 39 21 23 56 62 24 30 62 51 47 43 49 68 35 39 52 74 62 34 33 61 49 72 67 68 57 38 27 57 69 58 70 51 51 15 48 54 48 45 74 86 53 49 38 69 45 76 47 55 43 21 84 63 38 59 40 66 34 36 43 85 76 62 84 28 59 39 52 30 54 34 43 28 52 36 73 65 46 22 59 54 
60 63 35 55 49 73 23 55 49 47 64 34 64 38 24 31 80 51 61 47 56 52 83 52 19 43 60 45 58 53 38 55 55 55 44 45 52 51 51 55 35 62 70 14 37 66 63 59 48 81 48 36 45 79 26 50 44 54 27 54 42 43 57 59 71 37 59 42 50 47 52 54 49 44 61 82 80 45 38 71 63 50 57 73 55 59 43 70 48 50 56 41 48 55 58 25 25 52 58 71 
52 57 52 48 53 60 72 57 42 29 51 79 64 83 53 55 27 81 21 53 62 62 36 57 51 49 41 61 34 38 47 51 41 58 47 73 57 37 51 58 39 31 45 47 58 33 56 58 58 47 65 32 47 59 43 39 46 35 52 47 46 56 51 60 48 51 49 65 44 76 64 39 57 55 65 46 60 21 64 56 44 52 68 47 81 54 70 65 52 64 59 59 58 72 55 48 55 24 66 74 
66 48 44 67 50 46 52 57 51 84 60 60 58 54 67 44 55 76 80 54 39 35 63 50 55 69 37 58 58 55 80 62 37 45 35 44 28 69 46 68 39 62 44 31 56 51 57 40 58 59 65 55 29 56 44 72 36 50 38 47 63 41 69 56 51 42 65 40 60 40 53 58 52 84 41 52 59 46 22 30 58 46 45 73 47 30 41 49 55 66 67 42 29 59 50 57 61 37 60 29 
47 42 50 43 52 40 50 73 45 72 55 36 44 72 37 48 67 55 54 27 58 73 60 39 54 59 31 54 61 23 32 32 53 41 40 63 52 46 38 67 60 67 57 46 35 46 49 54 57 40 46 55 41 46 46 71 82 51 53 50 38 41 39 40 54 49 46 46 32 60 48 47 63 47 70 48 71 43 36 50 59 59 43 47 43 49 55 70 61 32 73 17 35 48 64 36 55 35 69 26 
71 61 35 30 37 66 37 35 36 38 60 43 63 23 43 75 51 51 48 71 48 72 51 40 65 66 27 36 50 59 32 44 42 57 41 65 65 45 43 65 26 64 51 98 56 32 35 58 69 35 60 37 52 52 29 32 80 64 46 48 45 63 72 56 64 27 58 72 54 50 44 53 45 49 66 63 39 38 59 55 61 37 63 68 55 49 43 36 36 40 47 46 51 45 67 72 41 39 62 56 
50 50 59 56 46 56 42 50 19 61 54 42 51 49 52 56 34 46 58 38 64 68 64 49 72 42 50 56 64 39 45 50 58 76 63 55 58 37 62 63 20 48 57 38 53 52 47 56 47 57 73 48 25 65 51 35 54 50 58 44 57 65 40 50 58 51 53 45 59 72 48 50 40 52 46 62 38 48 52 40 38 61 54 40 35 37 60 65 50 40 46 61 58 56 46 44 49 56 60 50 
56 53 61 45 69 59 67 52 60 61 49 59 48 39 55 66 52 32 69 53 30 26 41 32 62 37 68 35 51 43 59 48 55 56 54 50 48 39 42 35 50 55 60 77 63 44 54 33 41 47 46 63 67 52 66 41 46 64 44 53 43 44 46 59 47 44 53 39 42 64 37 62 52 38 42 50 65 57 53 64 46 48 29 50 46 48 52 43 51 55 50 44 50 32 50 54 62 59 63 36 
51 59 43 63 50 50 64 62 51 43 51 74 48 51 64 55 32 58 43 33 57 45 33 77 46 29 38 37 33 48 47 38 37 43 36 51 63 47 59 52 55 41 66 47 36 57 50 47 54 60 41 52 60 39 54 55 70 50 31 49 29 34 57 48 51 66 48 50 36 61 48 55 50 56 44 56 40 55 45 68 59 41 44 38 43 58 49 61 56 51 46 54 50 53 48 45 70 54 43 72 
59 66 36 56 57 37 52 50 60 48 57 66 59 64 53 47 57 48 52 43 60 50 82 49 43 47 53 52 33 50 61 54 43 53 56 56 53 54 38 42 40 64 56 46 39 41 42 63 54 67 49 49 54 45 50 65 33 50 49 60 54 52 56 71 53 61 50 42 47 57 48 42 47 50 50 39 42 54 53 46 35 57 51 38 51 66 53 58 37 51 53 51 46 50 48 57 61 30 53 60 
42 59 67 53 60 50 57 46 54 49 51 42 34 63 43 45 37 59 46 57 69 55 51 38 59 61 53 47 42 45 48 51 54 53 50 35 51 55 57 48 57 44 41 50 39 56 65 52 35 37 28 50 48 69 58 40 56 61 46 40 50 47 63 30 55 46 55 46 65 64 30 33 55 49 57 44 72 64 58 50 45 46 35 60 51 66 51 58 38 72 51 66 54 51 40 42 44 56 37 49 
41 36 63 46 50 35 60 48 59 48 37 55 44 63 61 55 32 44 46 46 45 61 25 30 70 50 44 60 47 49 61 65 41 57 58 47 50 58 52 48 63 46 31 74 71 35 50 54 51 26 77 42 55 28 65 64 59 47 69 50 55 59 38 45 50 58 48 43 59 60 65 50 45 55 42 46 35 54 59 42 46 56 50 41 48 48 57 40 50 52 50 51 60 46 49 63 58 65 47 43 
46 49 62 57 56 41 36 39 62 72 48 37 47 31 51 60 58 42 61 48 50 32 57 55 46 63 52 48 70 51 57 50 60 41 63 49 55 54 66 50 49 62 51 37 57 52 42 47 49 69 36 58 50 43 61 53 48 59 55 54 38 45 42 50 58 41 54 59 52 38 50 42 32 51 42 58 45 64 37 55 63 57 44 51 35 51 48 48 53 42 52 50 38 38 49 53 40 63 42 47 
32 64 57 32 62 60 48 34 56 42 31 49 55 47 56 53 42 33 50 50 60 65 51 49 46 40 56 47 38 43 38 56 64 54 71 40 57 42 50 42 59 45 58 69 49 60 36 62 57 50 41 54 66 39 53 33 60 53 50 54 45 53 45 57 56 55 40 60 45 65 53 49 53 41 55 50 53 55 74 57 42 56 52 30 50 66 49 57 35 39 55 54 65 56 47 52 54 40 53 74 
52 53 64 54 38 42 44 39 54 39 46 59 59 39 52 44 30 44 39 55 46 34 46 56 44 47 61 50 37 61 45 50 43 52 58 37 63 48 46 33 40 41 44 49 46 54 43 36 44 48 45 48 52 52 64 42 38 47 45 52 65 64 55 43 53 40 55 50 67 42 66 48 38 56 59 36 43 61 50 48 52 37 63 55 61 48 50 45 40 59 44 58 50 46 51 47 54 58 50 58 
44 44 54 50 50 43 53 66 58 47 44 45 40 61 60 47 60 49 55 50 51 36 47 52 38 37 62 61 50 38 62 67 49 43 58 41 40 48 52 60 60 49 53 17 36 65 54 50 50 61 42 72 52 48 70 44 45 39 56 56 54 45 46 50 50 54 50 46 44 49 45 56 52 51 48 45 53 56 43 48 61 52 46 36 45 48 58 53 63 57 54 61 50 58 36 35 49 51 50 57 
511 505 500 513 505 507 502 509 489 503 
