10 100
66 46 65 47 41 63 39 50 56 52 67 64 63 30 47 60 63 59 38 53 97 40 35 35 66 38 51 47 40 35 37 68 51 28 48 45 57 53 23 57 38 38 38 53 60 48 77 46 34 49 66 32 63 39 47 16 68 33 49 28 58 28 57 70 75 45 29 47 45 26 44 42 37 50 64 53 55 60 71 62 57 39 50 41 58 54 54 59 27 48 43 60 54 23 53 42 61 60 55 68 
49 69 48 44 35 56 44 40 46 24 49 50 13 30 25 37 56 38 55 58 72 48 56 50 44 82 31 55 51 24 59 56 61 21 57 62 50 37 36 66 63 63 25 35 59 37 52 74 71 44 48 57 28 41 33 54 56 38 46 60 65 39 59 39 63 54 45 40 57 32 26 70 33 47 56 61 43 64 68 37 64 58 48 44 78 51 53 49 50 40 66 50 49 34 63 63 52 54 57 35 
36 60 43 40 67 67 72 55 34 67 61 43 56 71 31 39 83 35 32 38 52 52 62 36 79 30 19 50 73 29 37 55 34 50 44 27 45 57 57 60 36 36 21 70 52 42 33 53 59 42 56 43 60 51 39 30 33 37 57 37 55 36 51 60 72 50 52 47 38 44 49 44 40 53 68 44 61 43 60 57 55 38 68 69 48 58 54 40 65 65 48 32 47 51 48 33 58 59 48 36 
54 43 40 56 67 41 23 47 70 58 48 15 38 58 57 39 45 42 60 35 50 56 70 37 34 56 56 53 72 58 59 36 38 20 48 39 20 18 60 40 39 58 44 6 44 56 39 58 22 51 64 37 44 67 56 53 68 60 49 57 64 64 42 42 38 33 30 59 36 40 35 50 42 69 63 43 29 47 57 38 43 46 34 45 50 64 50 22 61 48 42 60 35 58 48 96 54 64 10 39 
54 63 42 60 54 50 52 68 81 51 79 61 63 60 64 23 56 78 42 54 49 56 66 55 64 55 45 26 45 49 36 82 51 58 18 67 35 54 63 50 69 30 58 45 50 26 68 43 83 36 53 58 54 76 45 69 65 47 71 54 53 44 63 52 42 45 55 54 57 51 49 75 61 67 72 57 51 43 59 68 58 50 49 30 41 67 49 68 70 88 49 38 66 47 50 41 57 42 49 36 
60 58 42 80 44 45 36 69 54 49 59 26 33 37 54 60 27 55 55 58 49 64 69 47 39 47 43 39 53 60 32 44 23 51 48 34 62 35 52 65 55 55 44 41 46 52 56 47 36 38 38 41 27 45 44 74 49 59 35 56 54 40 80 38 47 49 47 58 72 35 55 29 58 58 53 33 61 70 39 41 49 60 60 58 53 57 44 57 68 45 53 52 42 57 47 63 54 62 79 52 
47 43 75 45 36 46 53 56 55 69 40 59 60 74 75 56 49 56 66 39 73 43 46 46 62 67 67 56 39 46 55 58 44 71 53 49 62 58 74 44 54 48 40 35 69 64 46 53 39 61 35 31 41 46 32 48 39 63 67 60 52 20 47 82 72 86 55 69 26 46 35 65 26 51 69 46 61 72 41 30 31 57 55 54 61 52 57 59 59 54 35 53 56 61 49 50 38 32 67 48 
68 10 34 30 46 65 63 53 73 47 53 52 59 59 85 74 51 52 37 43 69 52 30 55 58 67 58 62 45 44 54 32 66 43 47 62 51 58 44 80 81 34 19 48 79 64 44 44 51 42 34 54 35 51 53 52 59 38 41 58 71 50 69 45 40 37 61 36 48 74 60 62 44 58 43 69 49 40 35 55 67 35 54 74 55 29 52 63 46 73 27 56 62 46 28 31 53 39 30 29 
68 66 51 20 78 48 48 54 41 54 44 42 65 51 66 36 48 43 41 51 51 59 62 45 58 60 72 33 76 63 54 54 58 73 77 51 58 44 41 59 48 58 42 75 50 38 42 61 60 35 52 57 56 32 46 48 30 49 46 72 42 38 59 54 51 46 50 31 51 42 24 38 47 83 47 61 51 62 42 42 37 45 63 50 60 59 57 61 42 57 70 37 40 38 59 50 58 65 60 35 
47 66 42 81 74 48 55 25 47 89 43 52 28 37 46 68 46 51 40 42 78 53 55 46 43 53 49 61 48 35 32 49 36 48 44 56 48 37 49 56 42 42 31 63 56 42 41 59 59 55 41 77 44 67 64 40 52 52 57 57 60 85 60 56 55 35 77 39 47 59 62 58 48 37 54 40 45 59 62 40 47 65 54 82 44 48 73 67 33 56 49 51 48 28 48 27 62 24 49 62 
37 55 52 49 59 45 58 51 54 40 47 47 49 43 56 41 51 43 63 50 26 56 57 59 48 62 46 51 55 57 61 39 66 49 56 53 56 48 65 48 39 53 68 33 37 44 31 55 38 60 40 63 42 53 45 64 50 57 50 60 45 53 54 41 39 59 57 54 50 66 52 51 59 55 45 40 47 44 41 39 33 46 46 62 43 52 53 42 66 53 50 53 50 61 54 53 46 51 54 48 
50 33 50 69 60 50 48 48 46 64 52 50 71 56 65 62 45 56 31 51 52 65 46 39 46 39 65 45 48 57 42 48 50 67 37 50 54 62 57 50 32 48 69 68 44 56 50 38 52 50 49 30 66 49 61 47 60 72 53 56 30 66 45 67 39 46 56 41 39 57 61 45 48 54 53 51 50 37 43 59 35 53 49 53 41 59 54 54 58 49 52 47 66 50 44 54 51 45 44 65 
63 45 70 44 37 34 32 50 50 32 35 61 46 50 60 47 20 64 69 51 49 53 55 51 29 66 71 62 49 62 53 44 50 59 58 57 54 52 50 50 66 49 71 42 48 64 70 48 40 50 45 59 33 48 62 71 69 49 44 50 46 59 35 45 39 57 59 58 64 47 50 50 58 53 41 57 42 54 38 49 51 69 44 42 53 54 49 47 37 41 65 72 60 48 53 64 47 61 57 55 
42 44 66 56 47 52 52 53 31 50 56 53 62 51 52 55 63 59 38 60 56 33 37 62 66 50 50 46 44 47 50 59 50 71 44 52 71 72 41 49 64 47 54 76 50 66 47 59 67 56 50 61 65 39 52 58 37 46 60 48 40 41 54 51 57 72 62 50 47 53 71 46 53 35 41 67 60 45 41 63 47 50 57 47 51 45 60 68 52 49 58 51 55 40 47 28 45 37 71 64 
50 46 56 41 53 53 46 28 20 49 28 47 43 47 48 59 43 45 50 51 48 49 37 52 42 56 55 62 50 54 56 24 44 43 84 42 55 55 42 50 39 67 44 45 49 67 42 48 49 64 49 42 51 32 51 42 48 51 41 49 48 54 45 55 58 54 51 50 53 49 58 30 50 47 41 58 51 55 56 38 51 51 64 62 62 45 35 34 44 37 39 75 49 60 56 50 50 50 53 39 
45 44 44 33 50 53 51 40 42 60 47 69 50 60 40 46 59 54 45 58 44 50 51 40 56 52 51 63 50 57 63 56 70 49 58 44 50 48 51 41 51 46 50 50 72 51 51 60 60 45 43 57 60 48 54 42 38 50 56 41 40 60 41 44 52 50 44 40 34 62 50 65 46 43 40 58 51 37 51 53 56 32 29 57 50 43 54 66 41 48 42 49 49 52 54 41 52 52 31 49 
48 56 27 61 61 59 54 48 37 40 48 45 42 46 51 37 56 48 29 55 18 61 58 67 50 33 34 38 46 53 59 46 60 46 41 48 46 41 27 51 58 54 49 64 46 41 51 58 58 49 64 54 50 65 61 48 49 39 50 48 46 68 54 38 32 38 50 43 64 65 62 50 63 56 31 53 49 32 55 50 56 58 49 55 44 44 40 36 53 45 50 46 56 44 50 49 63 49 38 52 
39 70 60 63 50 37 47 41 31 53 42 46 51 50 43 32 52 40 58 59 47 51 54 44 48 42 44 39 49 50 56 71 37 59 48 45 40 43 46 41 34 65 72 47 37 47 67 49 43 67 60 60 45 50 55 59 50 55 59 32 47 47 44 55 58 53 57 55 49 39 41 47 50 39 53 58 49 50 66 47 35 49 48 29 48 64 51 36 44 38 72 45 54 58 55 63 57 59 63 62 
33 34 40 55 30 30 46 50 60 53 47 43 43 51 39 46 63 45 58 38 50 26 43 52 42 38 50 61 46 33 43 51 41 34 45 50 41 57 59 38 48 50 54 41 44 54 54 46 51 54 54 48 40 50 50 59 73 54 46 52 61 48 45 38 58 64 38 60 45 56 54 62 57 31 66 40 63 33 59 59 64 53 37 60 47 39 48 38 70 50 32 37 60 53 59 50 44 35 47 49 
63 58 50 29 33 43 43 64 61 15 68 51 59 53 44 47 49 48 76 53 34 48 54 48 45 61 61 40 50 63 57 53 57 53 56 50 58 67 37 42 49 52 76 48 59 59 60 49 51 59 53 30 57 48 52 67 47 52 41 44 45 41 46 38 57 59 36 45 40 53 39 41 49 63 47 46 50 40 50 51 52 45 64 34 58 39 39 47 62 50 61 57 57 62 43 62 25 67 59 45 
503 513 518 526 488 496 490 500 483 505 
