10 100
44 79 48 46 56 48 34 30 51 56 58 40 60 34 62 25 43 78 73 26 49 37 43 49 28 46 25 47 53 36 50 36 25 64 65 60 48 41 48 59 34 63 31 47 44 57 45 13 48 42 35 26 56 60 61 50 59 65 50 90 49 43 51 78 49 48 44 44 50 33 73 51 62 42 45 32 60 47 45 47 55 43 65 53 62 58 51 20 45 56 62 49 39 65 76 60 42 49 70 51 
50 66 89 52 72 62 40 38 43 52 45 37 42 60 60 20 69 31 51 68 40 42 55 66 29 48 62 59 70 66 37 64 43 72 50 57 61 48 59 74 40 42 63 55 53 48 59 34 62 60 60 47 44 56 58 57 56 58 49 46 38 62 62 38 52 69 60 44 34 50 59 65 47 72 56 67 51 59 55 31 70 63 66 67 71 52 43 47 52 47 39 46 46 63 45 51 63 77 63 56 
31 45 41 36 41 56 50 67 27 60 36 36 63 75 65 37 49 56 28 60 64 42 45 60 25 56 58 67 30 51 41 37 61 46 46 58 42 49 40 19 64 41 56 50 73 52 63 70 28 48 69 47 60 73 64 41 43 43 78 66 37 44 36 65 61 66 61 47 59 58 71 49 53 39 35 61 43 56 45 57 53 52 48 56 63 43 47 56 35 56 31 39 65 46 47 69 47 55 30 49 
61 71 55 40 30 66 39 60 45 37 73 65 35 54 68 40 74 69 53 28 45 79 20 50 53 38 52 71 49 37 34 45 60 71 46 61 52 24 37 53 52 52 47 44 66 72 31 71 30 52 51 37 29 50 55 34 37 50 45 60 60 44 43 53 48 55 36 48 46 77 79 58 58 45 53 53 50 52 49 41 67 25 59 60 44 52 25 24 51 80 25 40 43 45 57 35 63 67 67 41 
34 22 32 52 67 63 33 52 23 70 61 61 69 43 78 55 85 30 57 56 52 33 37 54 58 69 36 36 51 42 60 45 62 55 65 54 37 46 29 24 48 47 42 82 55 41 35 66 59 37 42 71 47 57 66 40 62 53 60 44 44 59 50 58 41 26 60 58 78 53 33 64 30 49 17 60 44 75 53 56 33 54 54 80 41 35 35 43 42 74 42 22 60 35 55 70 56 38 67 47 
72 91 65 33 48 78 49 37 73 65 39 55 58 58 26 38 58 61 55 62 48 46 47 46 49 30 57 60 31 50 67 59 82 47 43 70 33 30 25 70 62 58 42 21 55 40 36 28 47 58 48 33 27 67 45 55 85 50 27 50 45 57 42 55 36 36 47 23 73 64 57 50 53 72 48 55 49 50 62 37 52 63 47 45 45 66 36 81 42 41 57 74 51 45 50 36 56 56 33 77 
31 47 52 57 42 45 66 53 43 43 36 64 48 36 69 69 56 51 56 59 5 44 46 59 56 53 43 39 56 69 49 38 70 59 56 48 39 52 7 59 37 48 34 55 4 54 50 43 46 48 31 69 62 74 53 54 56 33 35 72 80 41 67 46 61 43 29 66 37 49 50 36 52 39 42 55 39 31 33 65 36 45 54 50 36 61 64 14 47 68 45 29 56 61 51 70 53 59 70 49 
45 62 62 43 65 46 43 33 45 49 57 48 29 40 49 67 64 60 53 72 40 39 43 26 55 37 41 39 51 36 43 42 43 80 61 71 40 51 48 68 48 52 49 48 49 50 73 49 51 33 43 47 53 60 66 51 52 40 22 53 78 65 3 60 15 33 56 45 25 45 56 62 38 56 20 58 61 42 54 43 78 40 43 62 49 64 74 37 49 51 52 65 36 34 47 60 55 56 60 18 
58 49 65 53 62 69 54 55 52 41 30 48 54 47 55 51 40 57 60 63 49 51 26 52 63 60 29 36 79 43 61 77 62 63 40 70 43 53 70 47 72 51 22 52 58 30 61 39 41 39 46 27 68 55 34 26 86 68 39 72 62 52 61 53 58 49 67 69 71 52 48 35 27 36 57 32 34 41 45 62 46 26 54 62 56 62 50 59 58 56 57 59 51 63 80 72 75 50 64 57 
45 40 64 55 77 52 51 53 35 66 35 31 53 47 52 52 54 49 57 72 68 53 30 56 25 36 55 39 39 63 49 50 59 43 51 43 36 56 29 50 60 60 45 29 79 37 57 54 51 55 56 51 53 40 46 50 61 33 48 37 61 44 45 62 58 62 59 77 35 40 49 38 45 71 72 49 60 50 44 49 54 48 41 45 47 46 62 44 57 61 51 61 50 50 52 54 32 57 60 43 
59 40 40 56 43 52 50 57 40 51 45 58 51 49 36 52 53 50 39 60 48 63 57 42 62 54 60 47 47 53 54 50 65 40 45 48 54 48 41 45 59 44 60 57 56 40 58 69 50 42 56 63 45 44 60 48 57 55 50 20 50 67 47 35 51 49 55 60 59 60 40 53 46 61 61 58 27 50 49 50 38 49 32 64 32 50 62 63 62 52 41 53 43 39 44 43 60 54 31 51 
42 46 26 42 31 53 61 61 48 44 52 50 54 47 40 50 49 62 53 45 50 58 42 47 59 58 53 33 37 42 66 30 52 39 63 58 50 59 48 50 51 54 50 40 44 57 45 58 47 34 32 54 49 45 43 44 49 48 50 46 60 50 37 53 52 36 50 53 64 43 35 32 45 38 51 32 43 50 52 60 59 39 35 42 40 44 52 52 49 47 53 50 59 49 41 45 42 42 42 36 
66 60 53 57 45 43 57 43 77 44 55 60 46 49 38 58 62 46 59 38 49 55 48 56 48 45 59 35 71 42 60 50 39 45 46 50 45 51 51 70 37 71 42 59 48 50 42 22 63 43 39 56 38 46 41 60 45 74 31 43 58 60 63 55 38 45 50 54 52 56 44 64 48 53 55 40 55 47 50 53 60 50 45 30 41 52 60 64 49 45 59 64 46 51 53 48 52 58 68 46 
40 31 47 63 50 38 59 50 56 64 42 42 52 44 60 58 29 37 49 62 44 41 68 41 49 60 57 45 58 50 50 46 39 44 59 45 47 57 62 52 51 61 52 60 50 36 58 53 62 52 54 60 68 60 42 62 61 44 51 39 51 58 51 49 62 53 55 51 55 38 40 50 41 50 48 52 55 48 44 62 52 52 50 45 51 50 65 63 48 34 65 48 57 57 46 62 44 34 32 48 
48 74 52 49 35 48 63 55 64 42 56 49 26 46 44 46 43 62 53 39 46 50 59 43 34 37 57 63 57 53 50 58 55 49 42 54 62 56 66 59 55 50 50 44 55 43 48 50 45 56 49 36 59 44 45 68 46 54 41 53 63 43 57 40 55 67 44 48 30 54 49 48 55 49 73 52 53 44 60 52 68 39 41 48 61 53 69 46 68 26 68 60 50 55 48 52 50 66 42 58 
42 26 50 68 44 41 51 65 34 38 59 52 47 40 59 56 44 58 58 47 52 50 54 47 33 62 47 45 59 46 45 42 34 40 61 36 66 64 74 25 41 35 59 64 48 59 51 53 57 34 54 70 71 36 47 46 21 51 59 57 53 51 50 47 52 58 55 71 43 26 30 52 50 48 50 50 49 50 50 55 48 41 59 50 51 56 57 28 41 53 44 26 47 55 52 63 52 50 66 33 
57 56 48 50 68 49 49 50 55 48 58 55 40 62 40 42 59 50 50 60 72 47 50 47 50 56 63 66 57 31 58 48 48 36 51 63 65 54 85 49 61 50 63 43 81 57 55 54 62 43 66 44 47 47 51 49 50 47 44 41 36 63 38 61 29 51 62 45 61 42 47 56 57 62 56 46 63 54 54 42 62 55 41 60 62 42 47 72 46 36 49 55 60 50 41 37 41 42 43 46 
50 32 45 54 50 52 43 67 57 46 54 48 60 53 52 67 35 33 48 36 56 57 43 57 50 60 65 68 54 45 48 53 59 32 51 44 53 52 49 43 49 48 50 57 53 48 31 54 50 66 56 43 32 57 42 48 54 55 68 54 31 36 65 40 44 62 39 56 69 41 52 42 57 55 53 48 47 57 47 58 26 57 52 58 54 52 37 55 47 56 53 38 58 60 50 51 46 55 55 61 
38 56 49 39 60 50 38 50 39 54 59 54 42 62 38 49 49 47 53 45 49 49 56 49 49 42 61 58 38 55 59 24 41 37 46 29 46 46 40 51 52 49 55 50 41 62 42 60 53 62 48 58 44 46 69 68 39 37 47 45 40 49 54 44 45 52 43 31 25 46 42 62 59 52 57 70 60 64 59 51 62 60 46 49 56 41 48 47 38 45 46 45 62 29 35 29 32 61 37 51 
55 41 52 58 37 44 60 46 61 38 54 62 40 58 39 35 47 59 53 39 40 37 60 48 53 61 48 50 47 27 51 45 42 53 44 52 50 40 64 57 43 63 47 56 48 54 44 40 57 52 49 52 51 55 52 55 29 55 49 47 42 46 61 54 48 42 33 32 66 70 51 55 55 52 48 49 40 59 41 52 69 44 53 58 47 46 36 50 52 49 48 49 52 50 49 52 64 32 38 57 
502 474 510 507 513 493 520 505 484 493 
