10 100
72 52 56 40 51 16 43 38 71 59 68 54 51 55 71 56 53 51 62 45 4 64 35 53 59 49 38 41 48 56 57 43 51 51 30 35 49 50 57 54 64 18 57 44 32 64 47 53 46 59 59 38 39 60 62 39 55 47 53 52 26 33 45 49 50 60 38 40 50 59 54 22 51 41 50 28 44 78 38 58 61 38 67 78 51 54 39 45 38 64 45 56 47 65 39 37 35 66 51 31 
50 60 91 48 46 35 48 60 57 74 71 55 54 47 55 58 41 56 56 70 58 71 61 71 46 60 50 43 57 48 40 54 81 35 45 49 55 41 51 54 60 24 58 59 75 53 46 67 60 77 60 66 41 57 64 80 39 57 37 40 55 67 51 50 37 65 62 29 48 54 36 40 56 63 38 62 63 24 55 35 60 67 46 52 44 51 66 60 29 46 35 42 75 91 68 44 67 57 46 76 
55 70 30 49 44 74 69 71 34 37 44 59 57 48 41 44 56 55 34 52 69 40 37 53 31 44 62 70 45 69 43 59 55 56 36 33 85 57 72 37 79 33 57 54 52 46 51 49 32 63 47 64 43 47 57 73 74 67 24 46 47 78 79 50 28 42 60 60 39 34 33 72 36 45 52 90 33 34 36 42 84 20 60 65 47 52 48 77 59 48 45 32 22 69 75 81 23 55 50 46 
48 70 47 41 59 65 73 31 50 74 45 56 52 58 42 63 54 48 68 46 34 39 34 55 47 59 50 76 44 45 85 38 56 46 50 59 64 46 44 58 70 57 42 23 76 69 51 75 45 41 73 43 52 52 54 44 43 41 30 51 64 29 24 53 70 35 40 61 48 57 51 43 67 47 42 49 41 63 34 54 57 37 47 53 46 32 55 42 57 42 65 37 48 58 82 55 64 58 68 64 
73 33 64 43 45 60 52 58 39 48 41 66 64 57 52 52 49 59 59 53 55 48 44 48 47 60 57 76 14 61 54 76 40 25 54 55 62 30 68 47 52 52 72 46 44 50 41 65 42 48 84 44 45 35 58 42 46 65 64 31 33 62 15 72 43 44 61 41 56 13 69 45 40 64 37 52 67 41 63 52 42 48 48 51 82 35 48 85 50 28 74 53 56 53 52 47 13 58 51 34 
41 37 48 55 38 68 62 59 53 61 46 34 80 65 61 45 64 23 55 61 71 42 53 64 49 48 49 48 58 54 46 19 49 50 67 32 74 41 49 58 41 51 43 21 53 46 67 69 65 45 41 71 56 31 52 59 71 55 57 52 53 49 56 53 59 56 54 31 58 47 70 42 46 56 62 43 47 31 39 51 48 49 44 59 67 49 38 53 57 37 61 64 67 34 42 74 43 40 46 53 
51 47 63 44 71 57 46 59 43 47 56 44 61 37 56 23 47 89 35 63 64 53 62 43 32 31 42 55 45 52 78 60 46 65 72 37 25 57 55 42 62 31 79 56 26 66 46 34 19 34 48 72 51 67 57 50 48 48 59 51 47 50 61 33 50 32 68 40 40 65 58 59 51 62 68 30 54 37 58 47 45 62 94 48 66 21 25 37 48 69 35 68 51 70 25 56 63 59 51 69 
42 50 49 55 51 66 50 53 40 73 34 54 45 38 53 44 29 53 67 51 52 55 53 53 56 51 54 56 44 50 44 59 59 77 51 45 43 91 66 27 33 61 16 54 48 48 78 80 52 48 53 70 67 83 42 53 49 42 45 31 65 45 34 61 39 37 41 86 15 40 55 68 41 38 52 76 49 24 56 55 34 66 66 80 43 54 59 56 48 57 71 83 48 58 44 78 79 88 52 66 
75 35 67 40 63 49 56 56 61 41 62 50 59 47 49 45 56 29 49 63 65 48 51 68 44 65 46 58 56 35 66 38 71 43 34 39 84 33 62 73 65 56 60 52 71 62 52 55 26 36 56 61 43 42 77 49 30 45 87 60 45 33 89 43 47 51 37 53 52 30 52 33 77 45 59 48 72 53 37 30 37 56 62 51 56 59 56 58 61 40 44 13 60 63 31 49 49 47 74 74 
49 70 52 87 26 57 40 58 21 70 60 49 61 44 51 46 31 53 40 43 20 38 73 57 65 54 71 52 39 66 69 62 17 64 53 37 44 53 62 44 69 71 56 77 48 74 76 77 28 56 60 54 62 41 68 53 86 65 23 65 38 67 44 35 57 46 23 45 22 36 37 37 57 64 39 48 51 81 49 42 69 88 41 54 36 58 79 31 44 57 49 58 56 48 38 43 51 36 47 43 
48 54 51 55 50 67 56 50 37 44 42 56 53 48 36 50 52 54 40 66 79 41 61 41 46 59 46 51 41 37 42 56 40 49 64 52 40 46 35 50 37 70 48 42 54 39 45 50 52 35 51 41 60 41 41 49 47 54 48 49 67 51 50 50 48 48 55 51 47 52 45 74 50 46 42 65 51 33 68 53 40 56 60 33 63 43 52 50 43 41 50 48 40 53 47 48 68 35 54 53 
42 50 24 61 51 61 53 49 42 32 54 38 56 54 45 54 57 50 50 43 32 30 47 47 48 50 48 48 43 50 60 61 35 54 44 48 49 50 45 47 42 64 28 50 35 53 55 43 54 52 45 27 54 50 45 22 55 44 56 61 47 46 51 54 48 36 38 61 58 44 50 44 51 50 61 31 42 47 56 54 44 45 55 42 48 49 45 39 58 56 53 63 45 39 52 44 48 43 55 41 
47 44 59 54 55 37 38 45 56 48 54 50 55 53 69 44 46 38 49 42 44 60 54 49 59 42 47 29 56 39 53 50 42 48 67 78 29 46 40 68 42 46 41 54 53 55 61 38 63 47 46 42 58 50 51 46 28 40 63 47 41 31 39 47 71 41 40 46 57 65 57 39 54 52 49 9 69 58 52 48 37 59 41 47 50 53 54 45 51 52 59 53 65 48 39 28 59 41 54 48 
47 47 44 62 59 36 30 66 50 38 56 50 34 64 54 39 57 48 44 57 57 51 64 45 53 49 53 36 65 49 28 63 45 49 54 60 41 51 48 50 37 57 51 68 45 41 53 31 47 48 36 48 48 51 40 43 62 59 61 50 31 49 73 54 43 54 49 40 48 39 45 49 54 52 56 48 57 44 54 40 50 56 52 43 55 57 53 50 43 55 39 65 47 60 28 45 42 28 47 48 
26 55 39 56 44 56 55 38 64 56 58 47 41 44 49 44 47 59 41 51 40 35 57 49 56 34 49 37 67 20 46 34 52 61 42 54 47 54 35 45 63 56 46 58 49 61 50 39 51 39 38 52 49 70 43 59 54 41 42 58 66 50 61 43 51 55 41 55 54 66 32 56 51 52 72 49 48 46 40 53 49 56 52 48 43 53 55 32 53 46 41 52 45 43 42 54 68 39 46 60 
43 59 55 58 49 33 41 41 56 41 61 66 33 37 51 46 43 68 45 43 42 55 62 37 58 63 47 60 61 52 41 71 56 50 32 57 27 65 51 48 66 57 56 67 50 43 43 48 39 55 49 46 55 73 58 30 33 40 48 42 50 45 34 49 45 58 42 73 50 63 43 57 59 45 50 39 52 44 44 34 49 56 56 40 61 51 69 47 40 69 40 46 39 55 53 46 54 54 56 43 
50 49 52 58 39 55 50 58 49 51 50 57 50 54 40 56 41 36 59 31 48 57 52 59 58 49 57 46 51 51 46 37 43 46 23 67 58 45 40 52 50 56 28 42 56 42 48 59 66 56 50 42 59 46 44 45 53 53 47 54 50 50 50 56 50 66 34 58 64 44 44 46 55 43 50 68 40 56 54 54 50 51 43 49 50 61 53 39 47 29 63 48 52 46 55 57 36 52 45 40 
55 50 44 46 54 47 52 60 47 29 66 45 56 64 54 44 57 44 39 45 38 64 57 41 46 49 44 47 48 51 50 45 43 33 50 52 43 35 51 62 63 43 64 47 49 57 26 34 53 56 44 58 42 27 51 47 56 62 57 69 43 54 57 34 58 40 58 23 66 47 47 45 53 55 50 45 45 66 42 46 55 43 33 43 64 46 45 46 53 56 40 37 61 40 55 28 37 36 46 44 
45 56 35 55 35 61 45 54 40 50 50 41 48 57 47 56 57 66 52 41 44 60 42 42 44 43 49 43 45 50 31 57 30 64 62 62 28 71 42 44 39 55 43 50 37 39 48 46 58 63 29 43 57 58 44 43 59 45 26 41 62 59 32 69 54 51 57 55 63 63 43 68 35 50 53 50 47 56 50 73 48 53 50 49 47 53 45 47 49 46 50 63 41 34 56 52 53 45 28 50 
55 35 55 27 52 52 60 43 81 42 36 56 48 55 55 63 59 56 61 48 66 59 50 49 52 52 32 48 50 33 55 48 76 50 49 56 57 47 41 64 45 30 43 35 59 36 42 28 75 51 37 57 42 51 46 42 30 45 59 47 56 50 50 51 58 51 60 58 70 55 55 76 45 38 67 50 58 49 58 45 47 38 54 57 54 54 38 56 37 44 52 38 56 57 61 63 49 50 60 54 
496 477 490 491 492 500 496 483 491 509 
