10 100
55 71 35 35 50 58 45 69 37 63 52 40 51 45 42 81 60 63 44 51 57 48 45 61 43 17 50 60 34 33 43 80 55 50 56 44 44 41 29 47 53 61 53 46 36 38 36 50 80 32 55 40 61 50 56 57 54 55 31 59 44 53 45 61 49 27 77 46 46 47 42 54 52 53 62 61 57 54 91 49 60 58 51 68 64 36 47 38 63 46 43 54 37 46 43 54 50 79 73 47 
61 59 55 66 60 47 43 41 73 65 58 80 67 37 40 55 69 52 73 26 46 52 66 68 87 39 49 40 40 49 50 29 67 56 49 49 54 63 57 52 47 53 33 51 54 47 66 58 35 49 50 69 67 65 63 34 26 69 62 66 37 56 57 43 68 45 41 32 56 53 31 41 59 76 58 39 76 44 59 67 58 62 42 54 85 39 62 46 50 27 60 42 43 54 84 36 60 37 58 53 
44 58 60 44 44 69 70 39 71 39 58 56 46 63 63 67 37 43 18 37 71 40 67 44 41 48 54 59 65 52 63 63 63 40 60 41 62 53 33 32 45 62 80 37 72 62 65 62 71 57 51 65 51 56 65 55 66 40 16 51 45 54 55 35 47 51 61 50 34 48 42 50 44 67 49 44 65 48 43 32 42 65 41 38 64 43 44 28 42 28 44 46 54 57 75 53 40 66 39 44 
52 43 75 65 49 49 22 33 43 50 48 56 48 17 62 36 89 67 48 54 61 50 58 38 58 60 64 41 73 54 60 51 36 50 35 79 56 50 35 30 62 66 51 31 47 53 51 34 45 63 68 60 78 40 61 39 75 52 38 66 67 62 54 46 60 52 58 50 51 59 52 72 54 47 37 58 66 49 54 56 67 36 69 45 32 64 43 61 30 54 35 66 63 43 40 36 60 36 54 56 
28 55 33 63 31 42 62 45 53 36 51 39 46 27 48 44 55 37 57 64 27 51 44 25 58 22 50 44 53 60 30 57 33 37 51 50 24 74 9 32 57 44 57 64 53 67 53 54 43 32 58 34 63 65 29 59 25 39 42 45 46 73 58 44 37 67 47 43 40 47 58 60 62 34 55 62 44 62 60 35 66 52 51 15 74 41 74 47 35 57 27 50 71 56 44 53 42 40 39 56 
38 29 73 44 45 57 82 53 36 52 62 54 42 26 47 50 82 64 34 41 49 46 45 60 54 55 64 33 80 35 54 58 67 48 20 47 62 64 66 66 47 34 56 70 57 70 40 55 57 37 48 37 20 41 51 37 14 60 44 55 39 57 49 38 40 39 34 49 32 44 44 42 69 62 45 63 43 45 39 52 87 36 61 32 59 38 53 55 44 71 61 47 39 42 40 66 60 47 53 33 
45 48 35 51 66 57 62 63 62 56 42 65 46 79 45 53 50 35 57 28 52 54 56 61 72 65 47 66 59 42 27 66 31 83 38 41 67 37 50 51 49 63 46 22 69 37 46 68 53 59 43 47 58 41 78 65 72 69 85 61 31 44 51 34 33 77 54 67 62 52 43 55 55 57 66 64 72 57 52 61 43 44 57 45 31 60 39 49 44 45 35 52 66 50 76 46 23 48 54 44 
60 39 38 40 57 35 42 29 53 70 61 54 64 56 51 42 52 71 65 67 38 52 28 45 70 45 49 49 48 49 48 46 60 48 35 50 47 61 45 64 37 55 52 46 62 60 55 50 50 51 53 50 56 40 48 42 39 46 45 49 29 60 66 28 26 51 31 20 71 64 43 58 53 63 47 64 31 46 45 39 61 38 62 51 76 61 54 25 24 36 38 56 43 43 64 59 43 56 62 41 
47 42 65 39 60 32 22 73 64 57 69 72 58 20 55 40 19 53 51 68 47 47 64 48 25 60 41 39 41 33 61 48 41 85 66 55 50 63 61 65 60 50 43 51 43 54 30 39 48 65 37 64 55 53 33 43 49 41 52 63 53 34 54 32 48 73 76 43 62 58 56 45 28 38 50 60 54 45 68 46 58 35 27 52 73 53 61 40 50 59 66 66 56 55 87 50 37 64 47 45 
84 65 46 36 26 59 65 60 29 46 56 67 52 36 53 42 59 58 85 46 36 47 61 37 52 63 89 59 37 64 44 59 60 35 37 55 58 55 62 50 67 50 47 63 50 58 64 76 57 24 47 69 66 62 54 33 39 64 36 57 46 60 51 50 68 71 93 38 54 56 52 50 16 59 54 54 41 57 49 50 49 33 82 37 62 54 45 43 28 34 35 47 72 33 58 42 50 43 34 63 
40 30 50 61 50 38 40 53 42 52 50 54 46 49 69 38 41 42 66 54 44 44 47 54 43 76 50 49 60 56 57 36 50 53 57 61 51 57 54 40 53 44 51 49 66 50 59 43 58 58 47 52 33 49 59 47 53 50 57 48 57 39 55 55 56 73 46 56 55 48 39 53 46 49 49 48 58 50 27 57 37 41 55 37 51 62 48 63 44 53 62 52 50 50 64 57 46 47 37 51 
40 42 50 36 32 55 57 49 26 48 50 43 30 53 59 45 42 38 37 65 55 44 32 48 22 58 41 58 62 49 59 67 39 48 58 55 42 51 56 51 48 47 55 55 44 39 41 51 62 51 54 28 50 43 46 50 65 50 44 39 51 57 44 56 31 50 56 53 44 50 52 56 39 37 37 55 37 57 57 38 47 32 48 45 27 51 41 50 57 67 38 56 63 53 31 51 45 53 49 52 
57 49 47 59 48 41 49 65 48 58 50 40 50 38 33 33 64 57 73 45 40 47 53 50 66 61 51 51 39 55 43 34 44 61 42 45 46 41 49 67 56 45 40 52 41 52 45 43 48 49 46 32 47 39 49 43 46 46 68 65 57 50 50 50 48 50 34 48 62 57 53 42 56 35 60 56 45 56 42 78 53 43 54 47 35 56 50 67 39 67 54 55 44 46 33 55 55 42 53 47 
45 50 35 46 59 43 55 60 58 43 55 34 51 60 36 62 13 33 52 46 50 49 42 53 35 62 43 51 39 50 31 54 57 51 67 33 42 56 66 67 50 45 59 58 63 40 45 59 53 45 42 38 33 54 27 48 38 50 54 48 34 48 53 50 47 53 45 47 47 50 48 30 48 61 58 45 42 39 44 41 50 55 40 49 61 37 58 49 77 47 72 41 45 58 61 61 55 53 48 42 
52 53 57 49 50 47 58 52 46 57 42 62 62 55 48 51 43 54 37 42 65 44 52 64 63 64 51 57 37 53 55 55 78 55 52 55 60 28 67 59 39 55 39 37 50 41 51 51 49 42 58 52 53 42 56 53 64 68 56 62 39 30 40 49 57 36 62 50 61 50 50 60 55 52 50 33 50 38 60 65 37 43 48 73 28 54 36 55 55 47 64 53 43 58 58 43 58 50 56 52 
53 64 37 57 49 47 40 50 66 49 32 61 48 57 51 49 37 38 55 52 54 56 63 40 50 49 50 65 37 64 52 49 33 37 69 50 47 45 43 39 57 56 51 47 40 31 64 50 67 59 62 64 64 52 31 53 69 29 54 52 55 49 50 66 51 63 57 58 60 41 60 47 32 54 51 48 50 44 63 50 26 65 46 67 45 57 51 54 54 35 51 37 56 41 53 50 48 48 49 60 
57 47 65 50 22 46 40 36 48 56 60 35 60 51 44 47 61 60 63 56 43 35 47 51 40 48 47 46 50 56 64 35 58 43 50 44 49 61 62 60 43 45 59 75 35 55 42 37 53 34 47 42 47 52 38 50 39 32 19 45 58 38 54 55 54 35 52 41 43 54 54 58 44 57 58 48 45 54 55 44 53 58 48 34 57 40 57 41 56 56 52 51 25 53 45 55 73 53 42 58 
47 62 49 50 48 61 48 64 52 37 55 52 40 50 43 67 53 41 53 37 66 55 66 48 45 43 61 48 42 50 62 57 46 45 45 51 47 53 47 37 52 50 49 43 47 45 42 47 50 44 50 56 51 50 49 43 58 47 50 45 47 42 36 68 53 55 68 73 40 35 41 50 47 38 48 42 63 50 56 46 56 64 49 59 46 35 39 58 67 62 57 45 56 45 38 42 62 49 44 52 
63 48 31 49 46 56 59 42 35 47 48 43 46 71 32 55 61 41 46 41 47 39 40 55 52 49 55 54 51 58 40 53 58 25 43 39 71 46 46 51 46 48 36 51 52 45 53 49 42 42 57 43 46 48 50 51 60 56 49 34 57 76 41 55 54 33 38 73 52 50 47 47 64 55 46 41 42 53 33 57 37 58 57 58 39 45 45 50 50 41 42 55 60 56 17 52 51 44 51 57 
24 37 50 61 66 34 46 44 53 54 44 49 50 50 50 50 47 44 30 55 53 56 45 68 53 56 40 42 51 45 53 40 45 70 59 42 47 47 50 62 51 56 58 41 48 47 41 34 54 60 51 28 43 51 42 80 62 52 65 44 59 48 57 46 44 52 26 48 45 50 33 66 68 40 43 42 58 45 52 50 51 50 34 55 41 40 63 49 68 67 58 51 41 59 54 54 55 64 55 39 
505 476 496 487 514 507 489 501 486 499 
