10 200
48 50 42 24 49 60 60 51 87 26 36 63 57 47 63 44 67 62 34 56 52 32 38 48 23 45 58 22 33 84 68 56 56 22 45 47 52 59 35 47 95 49 37 66 42 42 76 48 70 40 29 48 94 39 58 52 63 57 33 51 46 34 63 60 40 61 29 59 38 23 46 37 56 37 56 39 71 76 47 36 81 38 45 66 66 44 39 39 60 66 46 40 39 43 67 71 53 37 31 71 58 42 63 39 43 35 68 78 44 38 44 86 78 50 48 58 45 47 66 49 36 63 54 59 39 59 36 67 34 52 28 87 63 52 49 31 57 50 85 56 55 55 55 54 59 64 46 46 44 38 43 49 60 36 68 37 52 62 49 41 69 54 41 49 64 45 74 41 66 59 38 37 28 58 29 58 56 37 49 53 46 59 32 48 43 58 45 47 75 53 75 34 25 75 58 28 32 46 28 32 
48 66 38 35 27 28 32 51 46 35 40 39 54 53 29 35 49 69 36 54 74 86 60 87 36 59 37 69 58 53 41 54 46 43 57 54 53 62 65 73 65 53 35 15 54 47 38 62 76 42 43 42 34 52 28 77 51 50 60 27 66 70 36 53 65 76 33 67 61 48 64 30 44 65 68 52 31 60 38 34 50 44 88 46 59 49 39 74 50 41 21 67 60 67 60 47 35 47 30 79 59 41 56 51 60 38 39 31 55 53 58 35 63 63 25 52 53 58 67 66 36 43 85 28 30 71 52 48 24 49 49 80 53 33 58 64 59 68 44 29 53 55 75 55 30 65 29 48 60 49 45 34 52 39 59 39 53 77 54 28 53 70 49 49 31 52 71 47 53 40 38 45 56 72 41 48 35 53 69 50 47 11 64 77 34 39 51 72 47 31 68 51 38 29 39 53 35 31 24 42 
42 39 51 37 58 54 32 39 45 58 38 34 43 43 44 48 68 54 61 56 30 52 64 25 53 91 56 63 63 47 49 57 74 63 59 50 44 55 53 63 60 59 41 78 51 44 51 53 28 41 40 50 14 42 52 35 23 54 51 44 78 65 49 50 46 20 44 58 57 42 49 51 51 49 35 52 62 36 34 33 65 60 69 69 55 49 34 47 46 51 51 56 53 51 44 38 25 71 43 29 49 59 69 22 29 63 33 54 19 26 57 56 53 64 50 61 42 48 48 59 49 60 42 39 61 57 65 69 23 44 46 56 53 60 38 37 57 55 70 42 61 67 65 49 42 42 43 62 54 67 61 36 55 71 70 45 59 44 54 53 57 46 64 53 57 38 43 54 56 57 49 66 41 37 49 50 48 41 47 60 55 42 27 55 47 67 40 47 50 20 42 45 47 39 35 45 60 46 63 59 
40 35 62 37 41 63 42 61 44 50 30 31 51 31 60 37 47 65 70 49 37 58 19 68 58 64 57 30 72 61 41 33 59 43 64 29 48 50 70 60 65 41 55 47 67 85 49 33 50 31 40 61 58 58 62 28 70 50 41 44 24 61 32 36 53 49 61 75 46 38 65 60 52 44 37 43 56 51 45 56 57 26 51 65 49 38 43 50 53 40 57 61 47 51 53 47 37 74 42 30 47 59 27 69 57 43 72 37 45 43 62 51 21 61 35 81 49 41 73 45 22 46 26 50 44 40 64 28 39 66 37 37 34 67 50 76 58 57 29 49 66 20 36 41 55 32 58 53 78 33 20 56 56 55 51 62 53 46 61 47 64 32 47 59 64 39 54 37 50 18 43 60 45 55 30 53 57 71 58 37 42 47 55 48 47 42 54 33 74 88 53 71 26 38 47 56 22 56 60 35 
64 42 51 39 42 53 40 69 37 54 68 69 65 40 65 64 56 45 63 39 21 23 56 62 24 30 62 51 47 43 49 68 35 39 52 74 62 34 33 61 49 72 67 68 57 38 27 57 69 58 70 51 51 15 48 54 48 45 74 86 53 49 38 69 45 76 47 55 43 21 84 63 38 59 40 66 34 36 43 85 76 62 84 28 59 39 52 30 54 34 43 28 52 36 73 65 46 22 59 54 58 24 39 68 58 64 52 33 62 65 74 78 44 60 49 37 34 22 56 55 86 41 35 40 38 26 68 50 28 49 28 50 54 55 58 56 68 48 44 55 72 39 46 93 69 49 51 34 48 30 38 46 48 53 76 27 48 51 53 45 43 46 43 54 55 45 70 47 43 41 48 38 48 54 52 69 48 66 58 39 41 57 59 75 62 32 62 51 60 54 48 51 57 50 33 55 61 47 68 37 
60 63 35 55 49 73 23 55 49 47 64 34 64 38 24 31 80 51 61 47 56 52 83 52 19 43 60 45 58 53 38 55 55 55 44 45 52 51 51 55 35 62 70 14 37 66 63 59 48 81 48 36 45 79 26 50 44 54 27 54 42 43 57 59 71 37 59 42 50 47 52 54 49 44 61 82 80 45 38 71 63 50 57 73 55 59 43 70 48 50 56 41 48 55 58 25 25 52 58 71 56 67 59 42 42 71 39 68 54 73 50 41 55 50 35 71 37 51 51 25 70 49 61 52 60 92 62 62 40 34 57 56 29 43 35 54 37 53 65 42 46 61 40 52 65 55 53 8 28 41 51 49 76 59 84 50 44 63 68 49 71 41 51 54 52 29 63 69 47 60 53 43 51 57 58 55 52 55 67 47 57 50 68 68 37 36 51 43 47 67 58 45 60 55 61 69 51 50 62 17 
52 57 52 48 53 60 72 57 42 29 51 79 64 83 53 55 27 81 21 53 62 62 36 57 51 49 41 61 34 38 47 51 41 58 47 73 57 37 51 58 39 31 45 47 58 33 56 58 58 47 65 32 47 59 43 39 46 35 52 47 46 56 51 60 48 51 49 65 44 76 64 39 57 55 65 46 60 21 64 56 44 52 68 47 81 54 70 65 52 64 59 59 58 72 55 48 55 24 66 74 60 44 56 75 44 46 40 55 35 79 58 68 58 49 70 44 57 50 60 46 55 65 45 42 62 37 37 47 23 36 46 32 46 40 41 57 41 46 66 78 36 58 59 34 33 20 47 83 39 59 61 45 57 49 51 48 70 40 55 38 56 22 60 71 52 60 54 53 60 49 80 49 46 52 77 60 45 41 64 66 38 74 50 40 50 65 48 58 38 46 43 37 56 59 74 49 84 58 69 48 
66 48 44 67 50 46 52 57 51 84 60 60 58 54 67 44 55 76 80 54 39 35 63 50 55 69 37 58 58 55 80 62 37 45 35 44 28 69 46 68 39 62 44 31 56 51 57 40 58 59 65 55 29 56 44 72 36 50 38 47 63 41 69 56 51 42 65 40 60 40 53 58 52 84 41 52 59 46 22 30 58 46 45 73 47 30 41 49 55 66 67 42 29 59 50 57 61 37 60 29 40 43 63 46 59 38 56 28 29 37 50 47 51 51 40 71 57 49 61 60 49 50 69 55 71 50 63 75 30 46 67 60 57 66 31 33 49 54 54 60 40 54 60 53 65 54 72 69 60 60 56 49 58 82 40 57 51 57 39 60 52 49 48 51 26 65 46 40 66 37 77 57 68 61 55 73 38 26 66 38 23 56 46 55 72 47 56 37 50 58 58 28 25 25 69 40 29 40 66 42 
47 42 50 43 52 40 50 73 45 72 55 36 44 72 37 48 67 55 54 27 58 73 60 39 54 59 31 54 61 23 32 32 53 41 40 63 52 46 38 67 60 67 57 46 35 46 49 54 57 40 46 55 41 46 46 71 82 51 53 50 38 41 39 40 54 49 46 46 32 60 48 47 63 47 70 48 71 43 36 50 59 59 43 47 43 49 55 70 61 32 73 17 35 48 64 36 55 35 69 26 65 37 51 42 48 54 69 57 51 63 65 25 48 62 38 55 27 37 37 44 30 36 44 37 65 35 53 63 67 70 54 61 65 67 43 45 41 45 54 49 49 50 47 54 84 29 38 55 72 73 49 40 57 68 64 34 28 62 47 43 57 55 55 46 75 27 33 35 74 38 57 51 62 58 35 58 68 63 67 56 50 40 41 58 46 40 40 24 35 41 43 55 49 58 54 76 76 37 53 47 
71 61 35 30 37 66 37 35 36 38 60 43 63 23 43 75 51 51 48 71 48 72 51 40 65 66 27 36 50 59 32 44 42 57 41 65 65 45 43 65 26 64 51 98 56 32 35 58 69 35 60 37 52 52 29 32 80 64 46 48 45 63 72 56 64 27 58 72 54 50 44 53 45 49 66 63 39 38 59 55 61 37 63 68 55 49 43 36 36 40 47 46 51 45 67 72 41 39 62 56 46 32 35 32 45 49 59 45 45 36 39 44 47 44 49 68 63 41 45 61 54 55 59 43 50 69 32 75 41 51 74 51 50 59 56 40 55 74 39 40 46 49 32 45 55 80 49 26 69 54 61 40 37 54 25 62 47 46 87 35 46 58 51 43 59 51 56 60 33 41 39 62 40 48 44 35 46 25 49 44 54 43 24 72 46 41 47 35 47 52 42 70 52 39 42 86 56 51 50 30 
50 50 59 56 46 56 42 50 19 61 54 42 51 49 52 56 34 46 58 38 64 68 64 49 72 42 50 56 64 39 45 50 58 76 63 55 58 37 62 63 20 48 57 38 53 52 47 56 47 57 73 48 25 65 51 35 54 50 58 44 57 65 40 50 58 51 53 45 59 72 48 50 40 52 46 62 38 48 52 40 38 61 54 40 35 37 60 65 50 40 46 61 58 56 46 44 49 56 60 50 33 50 40 58 43 68 33 34 45 57 44 35 46 50 46 54 58 54 49 51 60 47 47 42 52 41 54 47 38 47 73 21 39 54 50 60 51 49 31 57 53 50 62 53 35 38 42 54 46 60 61 45 45 71 51 50 46 52 47 50 51 49 53 40 41 50 37 60 40 41 57 66 64 42 58 39 39 50 45 48 63 42 51 50 50 50 53 50 30 49 50 55 56 31 44 70 60 50 57 55 
56 53 61 45 69 59 67 52 60 61 49 59 48 39 55 66 52 32 69 53 30 26 41 32 62 37 68 35 51 43 59 48 55 56 54 50 48 39 42 35 50 55 60 77 63 44 54 33 41 47 46 63 67 52 66 41 46 64 44 53 43 44 46 59 47 44 53 39 42 64 37 62 52 38 42 50 65 57 53 64 46 48 29 50 46 48 52 43 51 55 50 44 50 32 50 54 62 59 63 36 42 48 56 51 49 55 60 62 54 48 38 57 40 40 75 52 48 38 57 43 51 48 24 62 70 31 49 60 65 48 50 42 54 63 50 56 39 48 44 67 52 46 33 54 66 47 70 47 55 50 49 70 57 51 30 54 50 28 52 61 50 47 52 50 52 58 37 48 50 50 50 56 47 42 47 47 58 50 40 48 54 64 40 42 57 55 57 37 59 54 47 55 54 54 62 52 64 69 69 64 
51 59 43 63 50 50 64 62 51 43 51 74 48 51 64 55 32 58 43 33 57 45 33 77 46 29 38 37 33 48 47 38 37 43 36 51 63 47 59 52 55 41 66 47 36 57 50 47 54 60 41 52 60 39 54 55 70 50 31 49 29 34 57 48 51 66 48 50 36 61 48 55 50 56 44 56 40 55 45 68 59 41 44 38 43 58 49 61 56 51 46 54 50 53 48 45 70 54 43 72 54 53 42 50 57 42 50 48 55 56 52 45 39 40 53 50 44 57 40 54 53 32 59 57 62 50 44 52 56 53 55 40 56 57 65 60 52 50 43 50 52 46 51 46 50 54 64 41 38 33 41 62 53 46 44 64 42 47 39 48 42 56 34 58 39 51 51 54 47 45 56 34 50 65 58 52 45 63 44 47 53 59 59 46 48 43 58 43 35 78 60 52 54 49 68 50 35 55 54 52 
59 66 36 56 57 37 52 50 60 48 57 66 59 64 53 47 57 48 52 43 60 50 82 49 43 47 53 52 33 50 61 54 43 53 56 56 53 54 38 42 40 64 56 46 39 41 42 63 54 67 49 49 54 45 50 65 33 50 49 60 54 52 56 71 53 61 50 42 47 57 48 42 47 50 50 39 42 54 53 46 35 57 51 38 51 66 53 58 37 51 53 51 46 50 48 57 61 30 53 60 44 40 56 31 53 50 47 62 60 46 60 46 56 52 66 50 52 53 34 51 60 50 61 50 48 52 48 67 50 35 64 57 57 41 50 34 43 37 66 51 38 66 57 50 45 50 39 56 27 64 66 56 48 49 50 37 48 52 50 53 50 52 60 50 41 54 49 63 49 59 54 38 50 58 54 52 54 55 50 50 53 59 54 53 65 57 45 74 28 22 38 38 68 57 46 43 61 45 41 66 
42 59 67 53 60 50 57 46 54 49 51 42 34 63 43 45 37 59 46 57 69 55 51 38 59 61 53 47 42 45 48 51 54 53 50 35 51 55 57 48 57 44 41 50 39 56 65 52 35 37 28 50 48 69 58 40 56 61 46 40 50 47 63 30 55 46 55 46 65 64 30 33 55 49 57 44 72 64 58 50 45 46 35 60 51 66 51 58 38 72 51 66 54 51 40 42 44 56 37 49 48 63 47 40 50 47 54 55 43 50 51 31 47 33 52 59 54 61 56 47 31 50 67 56 50 63 44 70 65 57 54 43 49 43 63 45 35 55 55 51 34 52 43 31 40 49 50 59 53 56 51 63 55 50 40 56 51 50 64 55 53 47 48 48 52 65 41 55 61 61 57 52 53 45 47 46 46 35 40 62 61 50 55 33 45 66 41 50 50 51 49 55 66 45 64 52 37 55 44 45 
41 36 63 46 50 35 60 48 59 48 37 55 44 63 61 55 32 44 46 46 45 61 25 30 70 50 44 60 47 49 61 65 41 57 58 47 50 58 52 48 63 46 31 74 71 35 50 54 51 26 77 42 55 28 65 64 59 47 69 50 55 59 38 45 50 58 48 43 59 60 65 50 45 55 42 46 35 54 59 42 46 56 50 41 48 48 57 40 50 52 50 51 60 46 49 63 58 65 47 43 58 32 50 47 44 43 57 44 50 30 45 48 46 49 75 44 75 55 51 69 35 42 42 44 41 34 53 55 53 70 47 61 59 65 40 56 47 56 50 51 49 53 59 53 47 46 50 66 67 64 58 47 26 41 28 53 49 46 45 56 53 63 50 51 59 53 38 43 56 51 59 49 55 48 44 37 49 41 47 55 47 53 37 52 60 60 54 47 48 27 51 53 41 55 51 32 58 43 64 74 
46 49 62 57 56 41 36 39 62 72 48 37 47 31 51 60 58 42 61 48 50 32 57 55 46 63 52 48 70 51 57 50 60 41 63 49 55 54 66 50 49 62 51 37 57 52 42 47 49 69 36 58 50 43 61 53 48 59 55 54 38 45 42 50 58 41 54 59 52 38 50 42 32 51 42 58 45 64 37 55 63 57 44 51 35 51 48 48 53 42 52 50 38 38 49 53 40 63 42 47 45 43 40 44 57 46 51 45 65 46 40 32 48 51 29 45 59 59 41 52 48 45 50 49 50 61 44 52 74 57 54 64 50 63 58 56 58 56 49 33 67 50 38 67 54 65 55 43 58 42 56 46 43 45 50 60 40 60 46 64 51 53 47 41 42 50 49 50 49 55 37 55 50 50 17 53 57 49 40 47 55 48 52 50 51 52 53 48 51 58 45 58 48 41 35 55 40 50 42 49 
32 64 57 32 62 60 48 34 56 42 31 49 55 47 56 53 42 33 50 50 60 65 51 49 46 40 56 47 38 43 38 56 64 54 71 40 57 42 50 42 59 45 58 69 49 60 36 62 57 50 41 54 66 39 53 33 60 53 50 54 45 53 45 57 56 55 40 60 45 65 53 49 53 41 55 50 53 55 74 57 42 56 52 30 50 66 49 57 35 39 55 54 65 56 47 52 54 40 53 74 57 58 43 54 34 67 44 62 69 60 50 55 52 58 51 30 46 47 50 46 55 55 40 58 30 56 42 40 61 65 45 42 50 35 55 47 61 54 53 44 65 59 37 48 52 56 39 41 40 59 48 62 47 29 61 49 47 45 61 61 58 51 53 50 53 36 54 59 46 68 32 52 37 40 38 44 54 61 38 56 66 40 60 52 47 53 47 47 46 50 53 62 67 53 49 55 52 62 50 42 
52 53 64 54 38 42 44 39 54 39 46 59 59 39 52 44 30 44 39 55 46 34 46 56 44 47 61 50 37 61 45 50 43 52 58 37 63 48 46 33 40 41 44 49 46 54 43 36 44 48 45 48 52 52 64 42 38 47 45 52 65 64 55 43 53 40 55 50 67 42 66 48 38 56 59 36 43 61 50 48 52 37 63 55 61 48 50 45 40 59 44 58 50 46 51 47 54 58 50 58 50 54 50 41 61 46 45 44 43 38 41 60 54 45 41 37 66 50 53 57 67 60 63 54 50 55 52 45 42 45 71 34 39 44 45 56 53 54 39 42 58 43 60 57 18 62 64 61 51 26 52 34 46 32 42 64 66 27 64 65 63 46 49 61 39 65 51 60 27 53 52 58 48 43 68 57 40 43 42 52 53 53 60 43 49 72 66 55 53 60 59 56 52 50 57 38 32 64 48 55 
44 44 54 50 50 43 53 66 58 47 44 45 40 61 60 47 60 49 55 50 51 36 47 52 38 37 62 61 50 38 62 67 49 43 58 41 40 48 52 60 60 49 53 17 36 65 54 50 50 61 42 72 52 48 70 44 45 39 56 56 54 45 46 50 50 54 50 46 44 49 45 56 52 51 48 45 53 56 43 48 61 52 46 36 45 48 58 53 63 57 54 61 50 58 36 35 49 51 50 57 56 63 59 60 58 44 56 61 44 60 58 61 53 40 53 48 50 62 63 60 43 50 42 43 52 40 61 21 58 44 50 49 42 47 53 48 61 29 60 60 63 47 48 52 47 46 60 67 42 43 46 61 56 47 67 49 49 46 24 69 52 49 50 54 44 55 57 38 58 57 50 49 61 45 50 62 53 59 48 56 57 48 61 41 57 51 60 54 63 50 52 36 52 54 47 32 57 50 50 54 
1001 1019 1003 1021 1011 1009 1000 1015 996 1020 
