10 200
55 71 35 35 50 58 45 69 37 63 52 40 51 45 42 81 60 63 44 51 57 48 45 61 43 17 50 60 34 33 43 80 55 50 56 44 44 41 29 47 53 61 53 46 36 38 36 50 80 32 55 40 61 50 56 57 54 55 31 59 44 53 45 61 49 27 77 46 46 47 42 54 52 53 62 61 57 54 91 49 60 58 51 68 64 36 47 38 63 46 43 54 37 46 43 54 50 79 73 47 44 58 73 51 46 47 48 72 58 40 50 37 54 46 27 72 71 63 63 75 60 63 29 66 50 74 28 36 60 44 62 55 54 46 40 53 56 52 56 59 51 76 54 32 39 47 67 23 20 54 56 87 63 68 36 38 55 77 71 67 47 51 32 32 34 50 63 43 49 45 18 34 61 47 27 49 40 35 53 67 58 47 32 47 58 51 54 61 60 52 50 70 16 38 42 54 43 40 53 46 
61 59 55 66 60 47 43 41 73 65 58 80 67 37 40 55 69 52 73 26 46 52 66 68 87 39 49 40 40 49 50 29 67 56 49 49 54 63 57 52 47 53 33 51 54 47 66 58 35 49 50 69 67 65 63 34 26 69 62 66 37 56 57 43 68 45 41 32 56 53 31 41 59 76 58 39 76 44 59 67 58 62 42 54 85 39 62 46 50 27 60 42 43 54 84 36 60 37 58 53 38 47 42 48 30 31 69 30 46 82 57 44 45 33 45 60 39 34 41 56 55 14 48 38 64 66 60 49 34 52 71 35 75 61 60 81 38 49 66 49 69 61 29 69 37 47 36 33 47 53 40 26 47 50 52 56 82 60 65 53 50 39 46 54 56 22 54 52 62 49 43 46 61 59 54 27 65 38 32 53 33 50 59 45 24 45 79 62 58 56 41 90 46 75 49 59 32 40 62 63 
44 58 60 44 44 69 70 39 71 39 58 56 46 63 63 67 37 43 18 37 71 40 67 44 41 48 54 59 65 52 63 63 63 40 60 41 62 53 33 32 45 62 80 37 72 62 65 62 71 57 51 65 51 56 65 55 66 40 16 51 45 54 55 35 47 51 61 50 34 48 42 50 44 67 49 44 65 48 43 32 42 65 41 38 64 43 44 28 42 28 44 46 54 57 75 53 40 66 39 44 53 49 11 47 42 56 35 48 57 46 63 43 62 44 45 34 54 54 75 63 47 35 51 67 80 50 47 52 45 52 79 67 48 58 55 68 57 34 46 75 59 42 51 49 63 47 73 67 50 42 65 49 61 85 30 53 53 60 33 35 44 23 50 51 39 54 60 33 48 46 58 22 55 49 63 61 64 49 52 70 40 43 39 54 65 63 51 57 66 39 57 69 54 44 58 57 81 48 30 49 
52 43 75 65 49 49 22 33 43 50 48 56 48 17 62 36 89 67 48 54 61 50 58 38 58 60 64 41 73 54 60 51 36 50 35 79 56 50 35 30 62 66 51 31 47 53 51 34 45 63 68 60 78 40 61 39 75 52 38 66 67 62 54 46 60 52 58 50 51 59 52 72 54 47 37 58 66 49 54 56 67 36 69 45 32 64 43 61 30 54 35 66 63 43 40 36 60 36 54 56 51 70 54 76 43 55 48 36 68 15 68 66 31 46 53 58 58 46 24 39 61 49 59 50 83 38 93 59 41 54 36 65 56 28 43 60 41 55 65 31 68 91 42 44 81 63 58 66 64 48 45 44 30 62 38 69 54 58 66 53 33 60 49 26 47 61 66 50 62 43 51 50 53 47 57 40 13 30 71 89 57 72 55 39 47 37 44 75 45 55 63 39 47 36 51 52 52 35 52 54 
28 55 33 63 31 42 62 45 53 36 51 39 46 27 48 44 55 37 57 64 27 51 44 25 58 22 50 44 53 60 30 57 33 37 51 50 24 74 9 32 57 44 57 64 53 67 53 54 43 32 58 34 63 65 29 59 25 39 42 45 46 73 58 44 37 67 47 43 40 47 58 60 62 34 55 62 44 62 60 35 66 52 51 15 74 41 74 47 35 57 27 50 71 56 44 53 42 40 39 56 43 45 49 48 53 16 30 38 38 54 77 60 69 25 59 62 45 37 64 39 55 27 48 50 33 29 36 56 43 59 46 49 30 69 68 16 50 51 43 59 48 63 37 56 48 46 62 87 56 48 38 36 47 37 41 63 30 55 37 52 78 30 37 43 53 41 84 67 52 58 31 49 79 63 45 54 40 47 45 56 37 59 73 71 74 30 61 28 68 59 55 27 54 31 48 49 42 72 55 57 
38 29 73 44 45 57 82 53 36 52 62 54 42 26 47 50 82 64 34 41 49 46 45 60 54 55 64 33 80 35 54 58 67 48 20 47 62 64 66 66 47 34 56 70 57 70 40 55 57 37 48 37 20 41 51 37 14 60 44 55 39 57 49 38 40 39 34 49 32 44 44 42 69 62 45 63 43 45 39 52 87 36 61 32 59 38 53 55 44 71 61 47 39 42 40 66 60 47 53 33 81 57 71 58 42 77 41 55 52 35 60 36 92 50 60 74 40 67 38 41 54 54 62 59 42 50 56 45 53 68 58 55 52 54 55 16 65 40 58 53 45 30 59 36 69 52 54 51 55 43 44 32 84 36 29 52 51 44 66 59 79 65 77 5 45 32 36 58 61 48 54 62 57 29 49 15 53 60 59 47 53 35 44 70 67 56 53 38 52 31 66 35 68 63 56 56 82 36 71 72 
45 48 35 51 66 57 62 63 62 56 42 65 46 79 45 53 50 35 57 28 52 54 56 61 72 65 47 66 59 42 27 66 31 83 38 41 67 37 50 51 49 63 46 22 69 37 46 68 53 59 43 47 58 41 78 65 72 69 85 61 31 44 51 34 33 77 54 67 62 52 43 55 55 57 66 64 72 57 52 61 43 44 57 45 31 60 39 49 44 45 35 52 66 50 76 46 23 48 54 44 36 65 57 31 43 47 38 38 68 63 64 56 64 47 34 59 60 96 54 47 59 35 45 42 57 61 49 51 99 56 56 43 33 68 60 79 44 61 57 52 50 37 50 59 61 34 34 53 41 66 65 58 63 49 55 60 53 47 43 59 59 38 63 51 36 63 39 33 45 34 50 45 42 33 47 55 51 62 31 61 46 42 38 57 83 65 74 25 42 54 74 56 42 51 66 43 57 63 70 69 
60 39 38 40 57 35 42 29 53 70 61 54 64 56 51 42 52 71 65 67 38 52 28 45 70 45 49 49 48 49 48 46 60 48 35 50 47 61 45 64 37 55 52 46 62 60 55 50 50 51 53 50 56 40 48 42 39 46 45 49 29 60 66 28 26 51 31 20 71 64 43 58 53 63 47 64 31 46 45 39 61 38 62 51 76 61 54 25 24 36 38 56 43 43 64 59 43 56 62 41 48 58 47 61 51 31 52 58 67 56 50 70 48 55 33 48 42 66 48 47 40 59 57 44 48 64 78 54 60 62 68 19 53 61 62 42 51 34 40 54 43 59 46 48 60 53 45 54 80 53 60 59 51 72 40 68 52 67 47 35 54 32 29 54 48 57 24 96 28 39 32 52 55 68 35 71 61 60 35 60 47 41 63 48 45 28 48 54 73 43 27 35 39 67 55 63 44 61 50 48 
47 42 65 39 60 32 22 73 64 57 69 72 58 20 55 40 19 53 51 68 47 47 64 48 25 60 41 39 41 33 61 48 41 85 66 55 50 63 61 65 60 50 43 51 43 54 30 39 48 65 37 64 55 53 33 43 49 41 52 63 53 34 54 32 48 73 76 43 62 58 56 45 28 38 50 60 54 45 68 46 58 35 27 52 73 53 61 40 50 59 66 66 56 55 87 50 37 64 47 45 65 57 44 54 70 29 74 65 41 45 65 77 43 49 46 67 43 54 44 41 61 37 45 71 62 31 59 54 42 59 50 47 66 39 83 50 65 58 40 35 59 50 54 71 52 51 69 41 46 27 46 71 61 62 56 49 74 71 37 43 45 48 45 62 44 71 62 33 36 29 36 47 46 50 61 58 71 9 72 52 48 48 60 67 43 54 89 50 53 53 50 57 58 47 51 64 40 46 64 62 
84 65 46 36 26 59 65 60 29 46 56 67 52 36 53 42 59 58 85 46 36 47 61 37 52 63 89 59 37 64 44 59 60 35 37 55 58 55 62 50 67 50 47 63 50 58 64 76 57 24 47 69 66 62 54 33 39 64 36 57 46 60 51 50 68 71 93 38 54 56 52 50 16 59 54 54 41 57 49 50 49 33 82 37 62 54 45 43 28 34 35 47 72 33 58 42 50 43 34 63 76 48 76 43 57 63 37 57 83 57 75 54 68 40 50 61 59 48 46 38 42 51 39 41 49 46 52 68 37 40 52 43 57 67 36 54 45 46 59 40 64 32 27 64 46 54 40 61 51 31 36 43 50 37 54 37 69 39 44 72 53 56 52 38 76 53 55 48 61 16 54 37 46 37 25 53 63 53 65 77 43 58 72 56 51 46 68 46 57 51 63 49 46 37 58 46 57 21 19 74 
40 30 50 61 50 38 40 53 42 52 50 54 46 49 69 38 41 42 66 54 44 44 47 54 43 76 50 49 60 56 57 36 50 53 57 61 51 57 54 40 53 44 51 49 66 50 59 43 58 58 47 52 33 49 59 47 53 50 57 48 57 39 55 55 56 73 46 56 55 48 39 53 46 49 49 48 58 50 27 57 37 41 55 37 51 62 48 63 44 53 62 52 50 50 64 57 46 47 37 51 52 42 35 43 57 54 50 38 43 55 53 46 46 53 57 30 48 42 55 33 55 44 57 33 51 27 63 54 42 47 51 56 50 50 57 42 38 45 45 48 60 40 47 56 56 51 54 64 73 50 54 30 36 32 63 58 61 37 51 38 53 59 61 51 56 49 34 48 64 54 71 65 50 64 52 52 68 61 70 54 48 50 55 50 46 50 47 53 43 48 39 36 62 64 67 48 48 47 52 56 
40 42 50 36 32 55 57 49 26 48 50 43 30 53 59 45 42 38 37 65 55 44 32 48 22 58 41 58 62 49 59 67 39 48 58 55 42 51 56 51 48 47 55 55 44 39 41 51 62 51 54 28 50 43 46 50 65 50 44 39 51 57 44 56 31 50 56 53 44 50 52 56 39 37 37 55 37 57 57 38 47 32 48 45 27 51 41 50 57 67 38 56 63 53 31 51 45 53 49 52 59 54 58 55 52 67 43 57 55 41 51 53 40 68 51 41 54 57 53 38 38 59 42 50 49 38 53 51 61 47 33 62 36 45 37 23 50 44 50 50 42 38 58 32 53 50 65 54 48 52 53 70 48 49 45 33 47 51 42 50 51 50 64 53 48 70 47 51 49 50 59 50 31 47 56 53 30 37 61 53 58 41 42 49 66 55 38 45 47 57 50 42 52 44 45 54 64 61 47 53 
57 49 47 59 48 41 49 65 48 58 50 40 50 38 33 33 64 57 73 45 40 47 53 50 66 61 51 51 39 55 43 34 44 61 42 45 46 41 49 67 56 45 40 52 41 52 45 43 48 49 46 32 47 39 49 43 46 46 68 65 57 50 50 50 48 50 34 48 62 57 53 42 56 35 60 56 45 56 42 78 53 43 54 47 35 56 50 67 39 67 54 55 44 46 33 55 55 42 53 47 43 64 65 52 67 42 60 57 39 49 38 59 43 57 50 63 50 50 37 46 52 55 50 30 28 41 56 50 62 51 39 40 49 43 49 58 40 59 46 40 52 41 46 47 34 65 35 29 57 64 47 50 49 35 67 54 45 44 66 64 55 62 41 50 57 43 47 61 46 50 58 65 50 43 49 32 45 59 59 44 57 54 61 54 50 51 60 46 45 64 48 32 55 58 31 44 34 53 66 52 
45 50 35 46 59 43 55 60 58 43 55 34 51 60 36 62 13 33 52 46 50 49 42 53 35 62 43 51 39 50 31 54 57 51 67 33 42 56 66 67 50 45 59 58 63 40 45 59 53 45 42 38 33 54 27 48 38 50 54 48 34 48 53 50 47 53 45 47 47 50 48 30 48 61 58 45 42 39 44 41 50 55 40 49 61 37 58 49 77 47 72 41 45 58 61 61 55 53 48 42 58 51 50 35 57 36 49 53 58 57 45 65 58 49 46 48 40 58 55 49 37 45 44 55 42 48 23 45 58 57 53 44 47 63 46 38 51 43 36 70 45 34 61 54 26 43 46 56 42 53 39 60 66 52 46 29 48 43 44 53 60 41 49 66 61 35 46 40 53 40 43 50 50 47 44 54 68 69 57 18 52 47 52 62 52 53 52 36 51 43 38 54 52 56 60 51 46 57 61 58 
52 53 57 49 50 47 58 52 46 57 42 62 62 55 48 51 43 54 37 42 65 44 52 64 63 64 51 57 37 53 55 55 78 55 52 55 60 28 67 59 39 55 39 37 50 41 51 51 49 42 58 52 53 42 56 53 64 68 56 62 39 30 40 49 57 36 62 50 61 50 50 60 55 52 50 33 50 38 60 65 37 43 48 73 28 54 36 55 55 47 64 53 43 58 58 43 58 50 56 52 50 40 51 51 48 65 72 73 53 47 43 40 38 52 41 43 52 50 49 48 46 63 42 57 65 54 68 54 62 44 59 43 68 34 51 71 55 50 46 45 63 38 46 41 52 50 39 17 54 57 60 50 51 49 58 38 45 34 60 50 43 63 60 48 47 50 42 51 59 48 58 37 28 60 59 52 52 58 50 49 54 48 34 30 43 52 38 58 43 65 50 54 39 59 56 47 50 44 48 44 
53 64 37 57 49 47 40 50 66 49 32 61 48 57 51 49 37 38 55 52 54 56 63 40 50 49 50 65 37 64 52 49 33 37 69 50 47 45 43 39 57 56 51 47 40 31 64 50 67 59 62 64 64 52 31 53 69 29 54 52 55 49 50 66 51 63 57 58 60 41 60 47 32 54 51 48 50 44 63 50 26 65 46 67 45 57 51 54 54 35 51 37 56 41 53 50 48 48 49 60 25 60 35 47 61 30 47 53 55 53 42 49 25 56 46 54 39 37 65 48 49 56 34 50 60 54 35 47 58 40 37 55 58 45 50 75 46 57 43 38 56 58 41 58 32 56 60 50 55 51 57 64 27 58 58 49 53 62 40 42 45 46 29 79 50 55 53 48 54 43 53 50 41 59 46 76 52 52 40 63 57 54 53 35 44 47 51 65 59 56 52 64 35 57 39 42 34 61 42 43 
57 47 65 50 22 46 40 36 48 56 60 35 60 51 44 47 61 60 63 56 43 35 47 51 40 48 47 46 50 56 64 35 58 43 50 44 49 61 62 60 43 45 59 75 35 55 42 37 53 34 47 42 47 52 38 50 39 32 19 45 58 38 54 55 54 35 52 41 43 54 54 58 44 57 58 48 45 54 55 44 53 58 48 34 57 40 57 41 56 56 52 51 25 53 45 55 73 53 42 58 58 41 51 75 51 52 61 54 49 50 49 35 51 46 69 52 50 29 55 50 51 52 56 51 54 38 52 57 18 50 51 57 61 43 54 43 52 46 38 50 51 61 55 46 43 72 72 42 52 35 43 48 34 55 58 36 51 51 56 42 33 64 38 50 66 51 52 50 52 45 50 42 54 73 53 58 53 43 69 48 50 52 69 48 42 50 45 73 53 45 25 53 47 60 46 45 57 36 49 41 
47 62 49 50 48 61 48 64 52 37 55 52 40 50 43 67 53 41 53 37 66 55 66 48 45 43 61 48 42 50 62 57 46 45 45 51 47 53 47 37 52 50 49 43 47 45 42 47 50 44 50 56 51 50 49 43 58 47 50 45 47 42 36 68 53 55 68 73 40 35 41 50 47 38 48 42 63 50 56 46 56 64 49 59 46 35 39 58 67 62 57 45 56 45 38 42 62 49 44 52 43 56 44 33 59 49 52 37 50 54 51 51 61 36 59 50 52 45 57 49 67 37 64 43 49 38 29 54 45 47 49 70 62 57 51 50 49 52 52 47 62 43 52 56 46 63 63 50 32 45 51 46 45 53 70 44 55 43 45 40 60 51 54 46 61 46 59 16 62 62 64 52 46 26 74 37 39 44 66 51 60 64 54 42 41 57 58 42 38 48 42 59 58 36 56 35 61 45 56 54 
63 48 31 49 46 56 59 42 35 47 48 43 46 71 32 55 61 41 46 41 47 39 40 55 52 49 55 54 51 58 40 53 58 25 43 39 71 46 46 51 46 48 36 51 52 45 53 49 42 42 57 43 46 48 50 51 60 56 49 34 57 76 41 55 54 33 38 73 52 50 47 47 64 55 46 41 42 53 33 57 37 58 57 58 39 45 45 50 50 41 42 55 60 56 17 52 51 44 51 57 33 46 50 46 60 61 38 40 60 62 44 38 52 60 50 36 51 65 58 49 42 54 48 50 53 54 57 42 55 59 50 54 38 62 29 48 42 42 63 56 57 60 47 28 50 60 44 57 66 55 52 47 39 48 61 50 40 43 59 57 56 50 42 45 56 36 46 60 52 69 66 66 54 50 46 43 29 73 33 48 50 50 44 43 51 44 23 41 61 48 51 42 55 53 50 38 57 59 41 49 
24 37 50 61 66 34 46 44 53 54 44 49 50 50 50 50 47 44 30 55 53 56 45 68 53 56 40 42 51 45 53 40 45 70 59 42 47 47 50 62 51 56 58 41 48 47 41 34 54 60 51 28 43 51 42 80 62 52 65 44 59 48 57 46 44 52 26 48 45 50 33 66 68 40 43 42 58 45 52 50 51 50 34 55 41 40 63 49 68 67 58 51 41 59 54 54 55 64 55 39 42 53 54 48 43 43 61 62 33 50 28 55 45 50 44 38 48 57 55 50 50 54 54 62 44 39 49 33 62 53 47 60 42 43 52 43 55 55 54 50 42 41 65 41 46 50 50 54 49 62 69 58 47 44 44 55 38 58 64 38 45 44 44 60 28 50 46 41 45 70 50 42 43 48 58 42 53 61 31 29 50 43 38 48 65 66 44 45 51 59 37 50 46 66 47 60 41 65 59 50 
1009 973 995 979 1015 1004 992 1004 985 992 
