10 200
72 52 56 40 51 16 43 38 71 59 68 54 51 55 71 56 53 51 62 45 4 64 35 53 59 49 38 41 48 56 57 43 51 51 30 35 49 50 57 54 64 18 57 44 32 64 47 53 46 59 59 38 39 60 62 39 55 47 53 52 26 33 45 49 50 60 38 40 50 59 54 22 51 41 50 28 44 78 38 58 61 38 67 78 51 54 39 45 38 64 45 56 47 65 39 37 35 66 51 31 45 56 46 58 50 89 44 74 61 47 53 42 30 34 50 64 49 61 41 45 50 67 50 55 49 39 48 76 60 56 79 75 37 53 55 48 44 48 36 55 73 55 58 53 49 45 51 49 56 59 64 61 49 50 71 32 36 64 54 71 46 39 47 39 65 46 57 36 55 61 44 32 53 44 48 16 69 63 61 53 71 49 32 48 41 75 65 37 62 58 41 40 57 71 50 47 76 51 46 52 
50 60 91 48 46 35 48 60 57 74 71 55 54 47 55 58 41 56 56 70 58 71 61 71 46 60 50 43 57 48 40 54 81 35 45 49 55 41 51 54 60 24 58 59 75 53 46 67 60 77 60 66 41 57 64 80 39 57 37 40 55 67 51 50 37 65 62 29 48 54 36 40 56 63 38 62 63 24 55 35 60 67 46 52 44 51 66 60 29 46 35 42 75 91 68 44 67 57 46 76 50 68 57 61 57 60 61 31 54 56 58 43 48 53 46 43 58 52 41 46 82 53 35 61 62 62 62 53 51 33 48 39 54 52 52 59 54 59 54 64 68 62 39 46 57 34 70 53 70 65 44 70 38 41 44 61 58 26 18 49 35 45 69 58 45 56 45 53 56 54 54 54 62 62 55 57 58 38 63 49 50 69 67 55 74 72 43 53 55 44 65 54 59 69 67 40 46 51 44 74 
55 70 30 49 44 74 69 71 34 37 44 59 57 48 41 44 56 55 34 52 69 40 37 53 31 44 62 70 45 69 43 59 55 56 36 33 85 57 72 37 79 33 57 54 52 46 51 49 32 63 47 64 43 47 57 73 74 67 24 46 47 78 79 50 28 42 60 60 39 34 33 72 36 45 52 90 33 34 36 42 84 20 60 65 47 52 48 77 59 48 45 32 22 69 75 81 23 55 50 46 39 55 58 80 55 62 35 45 41 54 35 57 44 49 40 63 36 30 61 55 41 49 59 47 44 48 46 56 47 52 54 20 33 62 31 48 63 70 45 56 53 48 46 45 59 89 46 49 45 58 62 56 51 37 61 33 35 43 43 45 58 53 49 75 27 58 67 27 65 59 55 33 56 70 54 28 54 49 53 39 28 64 47 56 58 77 59 41 51 68 61 80 64 44 69 55 56 29 30 67 
48 70 47 41 59 65 73 31 50 74 45 56 52 58 42 63 54 48 68 46 34 39 34 55 47 59 50 76 44 45 85 38 56 46 50 59 64 46 44 58 70 57 42 23 76 69 51 75 45 41 73 43 52 52 54 44 43 41 30 51 64 29 24 53 70 35 40 61 48 57 51 43 67 47 42 49 41 63 34 54 57 37 47 53 46 32 55 42 57 42 65 37 48 58 82 55 64 58 68 64 67 70 53 41 70 64 52 51 75 51 44 50 51 31 50 59 62 58 60 32 43 71 54 53 20 72 44 57 50 55 61 80 46 80 70 62 63 56 23 58 32 57 77 41 45 54 48 65 54 45 38 44 54 52 41 41 58 52 69 47 42 53 57 62 67 55 44 36 55 64 43 49 36 32 52 63 51 43 90 45 50 42 61 61 85 60 72 53 37 41 65 56 72 59 48 63 65 41 49 35 
73 33 64 43 45 60 52 58 39 48 41 66 64 57 52 52 49 59 59 53 55 48 44 48 47 60 57 76 14 61 54 76 40 25 54 55 62 30 68 47 52 52 72 46 44 50 41 65 42 48 84 44 45 35 58 42 46 65 64 31 33 62 15 72 43 44 61 41 56 13 69 45 40 64 37 52 67 41 63 52 42 48 48 51 82 35 48 85 50 28 74 53 56 53 52 47 13 58 51 34 43 47 65 35 57 39 69 46 44 24 43 45 48 56 56 38 63 67 60 51 78 43 49 40 53 55 56 48 65 51 49 50 60 64 49 58 51 18 72 49 22 59 51 54 84 46 12 38 58 59 54 47 55 40 56 56 40 58 58 55 41 59 48 65 76 51 40 47 16 60 55 44 62 53 74 60 53 52 12 40 54 60 62 69 44 74 50 41 62 55 50 54 35 51 49 37 47 61 56 44 
41 37 48 55 38 68 62 59 53 61 46 34 80 65 61 45 64 23 55 61 71 42 53 64 49 48 49 48 58 54 46 19 49 50 67 32 74 41 49 58 41 51 43 21 53 46 67 69 65 45 41 71 56 31 52 59 71 55 57 52 53 49 56 53 59 56 54 31 58 47 70 42 46 56 62 43 47 31 39 51 48 49 44 59 67 49 38 53 57 37 61 64 67 34 42 74 43 40 46 53 64 59 51 35 68 50 83 25 63 48 30 55 69 27 52 46 32 72 44 61 64 50 38 50 44 70 67 66 54 47 69 55 19 74 50 86 32 79 55 53 37 39 19 62 63 66 87 47 49 45 42 60 71 52 43 64 65 66 70 58 77 79 59 56 63 53 52 58 65 64 42 70 35 83 31 57 57 58 35 54 67 62 51 37 52 65 56 70 35 65 69 44 49 35 49 56 38 73 34 82 
51 47 63 44 71 57 46 59 43 47 56 44 61 37 56 23 47 89 35 63 64 53 62 43 32 31 42 55 45 52 78 60 46 65 72 37 25 57 55 42 62 31 79 56 26 66 46 34 19 34 48 72 51 67 57 50 48 48 59 51 47 50 61 33 50 32 68 40 40 65 58 59 51 62 68 30 54 37 58 47 45 62 94 48 66 21 25 37 48 69 35 68 51 70 25 56 63 59 51 69 59 54 26 34 48 62 49 68 84 59 57 33 47 42 46 57 46 49 38 62 40 51 33 40 60 51 54 18 38 39 51 61 57 44 50 67 53 69 42 25 40 56 53 56 44 62 51 30 29 31 52 54 35 70 50 52 62 53 55 54 52 54 79 66 60 53 75 22 52 50 37 18 67 47 59 55 74 59 44 47 49 37 66 65 56 67 68 42 55 53 60 45 43 69 44 61 57 33 56 68 
42 50 49 55 51 66 50 53 40 73 34 54 45 38 53 44 29 53 67 51 52 55 53 53 56 51 54 56 44 50 44 59 59 77 51 45 43 91 66 27 33 61 16 54 48 48 78 80 52 48 53 70 67 83 42 53 49 42 45 31 65 45 34 61 39 37 41 86 15 40 55 68 41 38 52 76 49 24 56 55 34 66 66 80 43 54 59 56 48 57 71 83 48 58 44 78 79 88 52 66 33 53 41 45 47 63 50 43 42 75 60 76 26 66 46 49 53 37 42 53 39 54 58 31 37 41 14 53 57 46 66 38 70 62 64 45 44 42 39 63 47 57 30 75 64 53 55 51 43 65 37 46 62 51 70 30 69 27 39 70 66 39 62 36 38 72 65 50 58 51 67 32 50 43 43 48 51 48 33 46 37 26 49 55 62 71 70 32 46 65 38 44 47 35 56 81 44 15 40 38 
75 35 67 40 63 49 56 56 61 41 62 50 59 47 49 45 56 29 49 63 65 48 51 68 44 65 46 58 56 35 66 38 71 43 34 39 84 33 62 73 65 56 60 52 71 62 52 55 26 36 56 61 43 42 77 49 30 45 87 60 45 33 89 43 47 51 37 53 52 30 52 33 77 45 59 48 72 53 37 30 37 56 62 51 56 59 56 58 61 40 44 13 60 63 31 49 49 47 74 74 58 49 61 47 35 59 62 27 42 33 48 32 63 56 61 38 52 85 42 47 82 25 32 36 58 53 58 55 43 59 57 40 57 37 57 52 77 72 47 57 51 63 63 51 54 53 56 47 65 61 87 31 68 58 49 50 33 45 55 15 74 33 70 50 48 37 71 48 52 39 19 73 44 31 54 89 65 47 45 38 39 56 63 45 40 42 59 64 46 45 26 46 50 61 57 28 51 45 53 48 
49 70 52 87 26 57 40 58 21 70 60 49 61 44 51 46 31 53 40 43 20 38 73 57 65 54 71 52 39 66 69 62 17 64 53 37 44 53 62 44 69 71 56 77 48 74 76 77 28 56 60 54 62 41 68 53 86 65 23 65 38 67 44 35 57 46 23 45 22 36 37 37 57 64 39 48 51 81 49 42 69 88 41 54 36 58 79 31 44 57 49 58 56 48 38 43 51 36 47 43 37 51 50 52 37 68 47 58 69 65 53 54 52 32 80 70 30 29 50 58 72 45 51 66 61 26 69 28 84 46 75 44 50 57 55 48 68 59 60 47 72 48 43 51 65 60 66 69 34 75 58 42 47 64 20 47 87 59 43 46 47 60 45 36 53 62 43 59 60 64 62 45 26 47 66 76 31 21 74 69 28 67 69 40 43 41 59 54 50 45 64 55 60 48 46 63 62 49 64 65 
48 54 51 55 50 67 56 50 37 44 42 56 53 48 36 50 52 54 40 66 79 41 61 41 46 59 46 51 41 37 42 56 40 49 64 52 40 46 35 50 37 70 48 42 54 39 45 50 52 35 51 41 60 41 41 49 47 54 48 49 67 51 50 50 48 48 55 51 47 52 45 74 50 46 42 65 51 33 68 53 40 56 60 33 63 43 52 50 43 41 50 48 40 53 47 48 68 35 54 53 57 38 44 43 62 25 50 41 38 50 38 54 62 65 44 42 57 44 56 54 45 49 50 52 50 54 56 34 40 40 32 53 53 58 44 38 57 53 65 60 40 56 54 37 55 61 38 59 48 46 51 48 50 53 44 59 52 36 54 47 57 57 53 49 53 66 46 51 48 40 58 60 50 43 49 63 37 47 26 47 48 59 64 44 57 45 37 58 42 51 67 59 53 38 65 43 42 41 61 50 
42 50 24 61 51 61 53 49 42 32 54 38 56 54 45 54 57 50 50 43 32 30 47 47 48 50 48 48 43 50 60 61 35 54 44 48 49 50 45 47 42 64 28 50 35 53 55 43 54 52 45 27 54 50 45 22 55 44 56 61 47 46 51 54 48 36 38 61 58 44 50 44 51 50 61 31 42 47 56 54 44 45 55 42 48 49 45 39 58 56 53 63 45 39 52 44 48 43 55 41 53 60 54 43 46 48 38 64 58 55 50 52 64 56 48 49 44 47 60 54 26 39 53 49 43 40 52 50 61 46 41 57 49 42 58 49 62 46 61 49 33 51 48 55 51 64 43 48 30 44 50 37 57 69 64 44 41 46 55 62 51 57 44 47 53 45 56 51 50 45 48 48 41 47 47 49 49 52 50 45 49 47 46 40 38 43 44 29 50 62 44 33 35 36 46 60 45 64 59 36 
47 44 59 54 55 37 38 45 56 48 54 50 55 53 69 44 46 38 49 42 44 60 54 49 59 42 47 29 56 39 53 50 42 48 67 78 29 46 40 68 42 46 41 54 53 55 61 38 63 47 46 42 58 50 51 46 28 40 63 47 41 31 39 47 71 41 40 46 57 65 57 39 54 52 49 9 69 58 52 48 37 59 41 47 50 53 54 45 51 52 59 53 65 48 39 28 59 41 54 48 52 41 56 27 55 39 54 60 60 47 48 48 62 67 56 47 59 64 41 60 52 64 42 74 59 60 56 42 67 58 47 75 53 45 48 52 44 29 56 33 42 34 41 51 61 28 50 47 54 44 37 50 45 52 40 59 54 45 56 51 47 44 56 33 71 53 44 63 32 42 39 52 52 30 47 65 50 48 41 50 62 48 48 56 47 41 52 66 51 42 46 29 45 48 43 47 45 61 61 46 
47 47 44 62 59 36 30 66 50 38 56 50 34 64 54 39 57 48 44 57 57 51 64 45 53 49 53 36 65 49 28 63 45 49 54 60 41 51 48 50 37 57 51 68 45 41 53 31 47 48 36 48 48 51 40 43 62 59 61 50 31 49 73 54 43 54 49 40 48 39 45 49 54 52 56 48 57 44 54 40 50 56 52 43 55 57 53 50 43 55 39 65 47 60 28 45 42 28 47 48 46 42 64 66 35 25 59 64 34 50 50 51 50 59 30 40 55 51 32 59 74 48 43 40 60 34 50 58 54 41 40 35 50 35 36 46 45 34 70 32 64 58 40 64 56 46 55 50 37 63 52 44 48 49 60 57 48 50 54 50 59 51 56 51 42 46 63 65 62 37 54 44 68 52 42 42 50 43 26 52 47 59 47 46 30 47 49 50 64 50 50 42 33 48 51 25 50 56 62 63 
26 55 39 56 44 56 55 38 64 56 58 47 41 44 49 44 47 59 41 51 40 35 57 49 56 34 49 37 67 20 46 34 52 61 42 54 47 54 35 45 63 56 46 58 49 61 50 39 51 39 38 52 49 70 43 59 54 41 42 58 66 50 61 43 51 55 41 55 54 66 32 56 51 52 72 49 48 46 40 53 49 56 52 48 43 53 55 32 53 46 41 52 45 43 42 54 68 39 46 60 65 52 49 40 40 72 44 43 62 55 57 56 45 57 45 55 58 33 35 55 32 46 51 53 40 57 62 52 40 42 52 54 49 45 66 53 59 56 45 53 63 42 50 41 25 53 75 50 52 48 45 52 50 70 45 47 39 51 43 46 64 45 48 36 28 56 50 58 81 50 49 43 34 50 42 34 41 56 61 46 54 49 48 35 50 47 50 54 47 66 54 33 55 50 53 63 57 40 45 44 
43 59 55 58 49 33 41 41 56 41 61 66 33 37 51 46 43 68 45 43 42 55 62 37 58 63 47 60 61 52 41 71 56 50 32 57 27 65 51 48 66 57 56 67 50 43 43 48 39 55 49 46 55 73 58 30 33 40 48 42 50 45 34 49 45 58 42 73 50 63 43 57 59 45 50 39 52 44 44 34 49 56 56 40 61 51 69 47 40 69 40 46 39 55 53 46 54 54 56 43 36 41 51 63 40 50 37 58 54 51 68 57 39 49 52 55 60 43 52 42 53 50 46 49 50 47 45 33 43 57 37 48 62 42 48 27 64 52 44 43 60 51 66 43 57 43 30 51 42 49 49 43 40 56 44 34 38 50 34 46 29 42 52 46 39 48 43 54 41 44 52 48 49 28 60 39 52 46 43 52 34 45 55 63 62 59 58 39 66 43 35 49 45 52 62 57 57 28 60 20 
50 49 52 58 39 55 50 58 49 51 50 57 50 54 40 56 41 36 59 31 48 57 52 59 58 49 57 46 51 51 46 37 43 46 23 67 58 45 40 52 50 56 28 42 56 42 48 59 66 56 50 42 59 46 44 45 53 53 47 54 50 50 50 56 50 66 34 58 64 44 44 46 55 43 50 68 40 56 54 54 50 51 43 49 50 61 53 39 47 29 63 48 52 46 55 57 36 52 45 40 49 49 49 53 47 39 57 35 27 39 56 60 44 54 55 51 58 59 55 55 58 57 44 55 48 52 38 57 54 57 49 42 39 50 52 45 48 39 62 53 50 54 58 45 63 38 62 66 58 59 56 44 49 50 47 57 51 51 64 44 50 58 42 35 58 49 36 72 51 59 47 75 49 58 44 36 32 44 41 50 52 53 49 52 45 43 44 62 47 50 30 58 40 40 55 49 45 66 41 39 
55 50 44 46 54 47 52 60 47 29 66 45 56 64 54 44 57 44 39 45 38 64 57 41 46 49 44 47 48 51 50 45 43 33 50 52 43 35 51 62 63 43 64 47 49 57 26 34 53 56 44 58 42 27 51 47 56 62 57 69 43 54 57 34 58 40 58 23 66 47 47 45 53 55 50 45 45 66 42 46 55 43 33 43 64 46 45 46 53 56 40 37 61 40 55 28 37 36 46 44 70 55 66 50 54 48 37 58 66 38 42 42 53 47 52 59 50 54 51 50 71 41 48 67 48 60 58 47 57 60 54 56 50 43 34 54 43 65 57 45 57 38 40 39 37 51 37 47 63 50 56 55 43 50 44 55 41 56 70 35 40 54 38 50 55 53 38 51 54 50 34 56 58 55 58 55 52 51 61 48 61 52 47 54 57 33 47 62 60 42 67 50 50 65 36 33 54 74 65 57 
45 56 35 55 35 61 45 54 40 50 50 41 48 57 47 56 57 66 52 41 44 60 42 42 44 43 49 43 45 50 31 57 30 64 62 62 28 71 42 44 39 55 43 50 37 39 48 46 58 63 29 43 57 58 44 43 59 45 26 41 62 59 32 69 54 51 57 55 63 63 43 68 35 50 53 50 47 56 50 73 48 53 50 49 47 53 45 47 49 46 50 63 41 34 56 52 53 45 28 50 49 42 50 45 72 49 35 67 50 51 45 69 47 50 37 63 60 22 53 55 38 55 54 50 46 56 50 43 58 50 38 61 53 72 43 46 37 48 40 55 43 51 55 50 51 46 51 50 42 53 31 77 40 42 50 50 71 62 44 61 37 57 44 48 55 69 42 51 49 65 65 34 49 71 39 19 36 45 51 62 39 50 50 47 39 51 50 39 59 55 63 59 56 50 37 62 42 54 48 62 
55 35 55 27 52 52 60 43 81 42 36 56 48 55 55 63 59 56 61 48 66 59 50 49 52 52 32 48 50 33 55 48 76 50 49 56 57 47 41 64 45 30 43 35 59 36 42 28 75 51 37 57 42 51 46 42 30 45 59 47 56 50 50 51 58 51 60 58 70 55 55 76 45 38 67 50 58 49 58 45 47 38 54 57 54 54 38 56 37 44 52 38 56 57 61 63 49 50 60 54 54 50 48 50 64 41 52 39 35 47 48 48 50 68 37 37 55 58 49 45 37 49 47 39 42 50 34 59 38 50 37 50 43 40 46 52 38 42 57 40 46 46 45 51 50 38 43 35 61 43 44 51 57 50 64 71 39 48 56 52 59 34 51 65 44 47 54 48 40 51 42 55 71 58 34 48 54 62 40 36 48 37 47 44 43 62 53 54 48 50 36 35 32 48 67 44 39 54 43 49 
992 965 988 981 989 976 996 997 994 987 
