10 200
44 79 48 46 56 48 34 30 51 56 58 40 60 34 62 25 43 78 73 26 49 37 43 49 28 46 25 47 53 36 50 36 25 64 65 60 48 41 48 59 34 63 31 47 44 57 45 13 48 42 35 26 56 60 61 50 59 65 50 90 49 43 51 78 49 48 44 44 50 33 73 51 62 42 45 32 60 47 45 47 55 43 65 53 62 58 51 20 45 56 62 49 39 65 76 60 42 49 70 51 61 69 44 47 61 38 35 64 39 83 49 58 57 52 64 45 53 48 56 43 36 57 68 27 55 54 60 49 32 64 34 56 34 69 49 48 60 47 44 64 63 58 40 66 39 56 53 59 34 57 37 72 57 31 54 41 62 53 38 52 67 28 50 39 57 67 37 49 72 54 29 53 48 48 61 64 55 23 79 30 57 61 52 57 53 59 45 47 55 66 77 45 68 50 42 29 64 51 46 50 
50 66 89 52 72 62 40 38 43 52 45 37 42 60 60 20 69 31 51 68 40 42 55 66 29 48 62 59 70 66 37 64 43 72 50 57 61 48 59 74 40 42 63 55 53 48 59 34 62 60 60 47 44 56 58 57 56 58 49 46 38 62 62 38 52 69 60 44 34 50 59 65 47 72 56 67 51 59 55 31 70 63 66 67 71 52 43 47 52 47 39 46 46 63 45 51 63 77 63 56 63 52 38 32 35 81 78 42 50 50 79 62 66 36 43 59 45 66 65 70 46 45 43 54 50 51 32 58 52 50 57 50 48 62 75 60 61 70 36 59 51 39 54 51 44 49 74 79 47 47 38 51 60 57 52 54 73 59 47 44 66 54 37 61 45 45 34 43 64 36 29 69 51 48 49 46 37 27 76 35 25 49 45 43 42 44 59 57 51 85 30 45 40 60 44 53 47 75 56 51 
31 45 41 36 41 56 50 67 27 60 36 36 63 75 65 37 49 56 28 60 64 42 45 60 25 56 58 67 30 51 41 37 61 46 46 58 42 49 40 19 64 41 56 50 73 52 63 70 28 48 69 47 60 73 64 41 43 43 78 66 37 44 36 65 61 66 61 47 59 58 71 49 53 39 35 61 43 56 45 57 53 52 48 56 63 43 47 56 35 56 31 39 65 46 47 69 47 55 30 49 74 78 54 55 64 44 61 57 43 49 38 51 46 58 78 50 43 43 50 57 37 53 50 78 32 63 51 52 50 48 41 43 27 42 37 46 50 51 79 72 53 71 26 75 72 44 31 62 71 18 58 47 71 38 48 31 64 84 43 70 63 50 47 52 75 30 45 60 24 38 37 41 31 54 53 73 38 62 43 42 57 41 75 58 51 21 52 43 36 53 50 44 45 62 49 40 49 44 41 71 
61 71 55 40 30 66 39 60 45 37 73 65 35 54 68 40 74 69 53 28 45 79 20 50 53 38 52 71 49 37 34 45 60 71 46 61 52 24 37 53 52 52 47 44 66 72 31 71 30 52 51 37 29 50 55 34 37 50 45 60 60 44 43 53 48 55 36 48 46 77 79 58 58 45 53 53 50 52 49 41 67 25 59 60 44 52 25 24 51 80 25 40 43 45 57 35 63 67 67 41 58 66 32 68 30 73 50 48 37 51 45 61 46 35 40 51 54 42 68 57 57 49 30 47 26 63 51 65 43 59 63 60 60 61 50 56 38 41 69 46 60 34 54 72 47 59 55 53 54 50 45 46 50 31 48 48 46 43 70 57 70 59 18 35 46 60 43 55 32 49 52 36 55 64 39 62 45 67 30 33 39 41 27 68 51 29 46 28 58 46 37 58 43 66 60 70 31 52 52 67 
34 22 32 52 67 63 33 52 23 70 61 61 69 43 78 55 85 30 57 56 52 33 37 54 58 69 36 36 51 42 60 45 62 55 65 54 37 46 29 24 48 47 42 82 55 41 35 66 59 37 42 71 47 57 66 40 62 53 60 44 44 59 50 58 41 26 60 58 78 53 33 64 30 49 17 60 44 75 53 56 33 54 54 80 41 35 35 43 42 74 42 22 60 35 55 70 56 38 67 47 38 77 49 65 70 32 40 40 41 40 35 48 33 71 30 33 43 41 56 40 64 75 59 49 56 30 22 62 56 31 52 68 54 67 61 62 48 41 30 45 62 56 49 51 44 41 40 57 59 75 68 73 50 36 52 62 57 35 63 40 48 79 33 47 53 58 59 38 45 72 52 56 48 53 59 51 46 31 21 68 45 69 48 52 18 34 56 54 48 60 67 53 44 47 36 67 47 36 51 46 
72 91 65 33 48 78 49 37 73 65 39 55 58 58 26 38 58 61 55 62 48 46 47 46 49 30 57 60 31 50 67 59 82 47 43 70 33 30 25 70 62 58 42 21 55 40 36 28 47 58 48 33 27 67 45 55 85 50 27 50 45 57 42 55 36 36 47 23 73 64 57 50 53 72 48 55 49 50 62 37 52 63 47 45 45 66 36 81 42 41 57 74 51 45 50 36 56 56 33 77 38 51 50 45 48 61 38 38 55 40 52 59 17 24 54 23 51 63 38 46 61 26 44 32 52 64 72 79 66 41 45 74 53 50 50 29 46 49 35 78 71 47 69 51 73 60 45 46 40 45 74 45 52 70 60 51 54 41 34 48 45 19 59 78 28 39 51 48 45 51 37 40 48 14 47 60 28 68 44 46 48 67 32 57 43 53 53 35 66 64 91 40 56 43 41 48 53 52 34 76 
31 47 52 57 42 45 66 53 43 43 36 64 48 36 69 69 56 51 56 59 5 44 46 59 56 53 43 39 56 69 49 38 70 59 56 48 39 52 7 59 37 48 34 55 4 54 50 43 46 48 31 69 62 74 53 54 56 33 35 72 80 41 67 46 61 43 29 66 37 49 50 36 52 39 42 55 39 31 33 65 36 45 54 50 36 61 64 14 47 68 45 29 56 61 51 70 53 59 70 49 70 82 54 36 58 47 58 63 44 69 24 59 38 48 60 45 46 68 54 46 65 52 68 44 38 71 51 36 43 65 71 76 46 63 48 41 60 56 40 65 36 44 59 41 70 83 40 40 19 38 35 44 54 56 59 63 66 85 54 48 47 54 52 39 52 32 54 56 79 57 49 37 26 56 83 63 62 60 65 58 49 40 61 62 53 42 48 46 48 35 34 59 58 37 51 81 47 56 62 40 
45 62 62 43 65 46 43 33 45 49 57 48 29 40 49 67 64 60 53 72 40 39 43 26 55 37 41 39 51 36 43 42 43 80 61 71 40 51 48 68 48 52 49 48 49 50 73 49 51 33 43 47 53 60 66 51 52 40 22 53 78 65 3 60 15 33 56 45 25 45 56 62 38 56 20 58 61 42 54 43 78 40 43 62 49 64 74 37 49 51 52 65 36 34 47 60 55 56 60 18 38 43 67 29 39 58 50 51 26 50 45 55 63 27 100 29 40 19 57 52 64 60 59 35 69 38 54 63 42 47 38 19 56 61 72 51 70 60 72 44 30 66 59 52 50 52 64 40 45 46 54 73 48 58 48 46 37 49 32 15 54 65 38 65 49 16 65 52 46 50 56 42 85 43 69 25 48 50 54 37 33 58 58 53 59 39 66 36 42 64 72 51 57 95 57 56 66 55 40 56 
58 49 65 53 62 69 54 55 52 41 30 48 54 47 55 51 40 57 60 63 49 51 26 52 63 60 29 36 79 43 61 77 62 63 40 70 43 53 70 47 72 51 22 52 58 30 61 39 41 39 46 27 68 55 34 26 86 68 39 72 62 52 61 53 58 49 67 69 71 52 48 35 27 36 57 32 34 41 45 62 46 26 54 62 56 62 50 59 58 56 57 59 51 63 80 72 75 50 64 57 60 50 52 43 62 69 72 69 65 69 46 60 56 41 32 66 62 53 26 65 56 29 72 56 34 54 45 38 45 65 46 48 76 44 56 48 34 62 49 60 46 42 69 85 42 58 53 54 59 35 48 50 40 57 47 74 45 50 50 47 26 52 52 49 53 84 72 47 44 38 49 47 52 49 39 55 46 28 40 34 60 51 72 60 27 56 34 39 61 62 36 59 62 39 72 51 71 34 67 40 
45 40 64 55 77 52 51 53 35 66 35 31 53 47 52 52 54 49 57 72 68 53 30 56 25 36 55 39 39 63 49 50 59 43 51 43 36 56 29 50 60 60 45 29 79 37 57 54 51 55 56 51 53 40 46 50 61 33 48 37 61 44 45 62 58 62 59 77 35 40 49 38 45 71 72 49 60 50 44 49 54 48 41 45 47 46 62 44 57 61 51 61 50 50 52 54 32 57 60 43 47 35 51 47 62 70 41 67 47 41 44 53 47 70 53 74 66 63 48 56 60 54 50 40 59 62 67 47 42 66 39 32 61 58 40 40 37 52 61 47 44 46 43 38 40 42 41 50 29 62 45 51 40 63 72 39 39 51 62 55 42 58 62 69 44 71 59 39 46 36 70 70 52 59 56 51 32 30 47 48 65 21 38 59 58 54 48 72 65 71 40 32 59 49 45 47 60 53 50 58 
59 40 40 56 43 52 50 57 40 51 45 58 51 49 36 52 53 50 39 60 48 63 57 42 62 54 60 47 47 53 54 50 65 40 45 48 54 48 41 45 59 44 60 57 56 40 58 69 50 42 56 63 45 44 60 48 57 55 50 20 50 67 47 35 51 49 55 60 59 60 40 53 46 61 61 58 27 50 49 50 38 49 32 64 32 50 62 63 62 52 41 53 43 39 44 43 60 54 31 51 47 42 57 52 46 50 46 44 67 39 42 50 49 60 50 54 53 37 55 55 53 56 26 58 48 49 46 49 47 40 46 55 55 44 55 47 43 53 57 39 42 46 65 38 54 42 54 49 49 54 62 43 51 56 48 55 47 54 61 45 42 47 54 50 45 45 50 56 41 40 62 45 53 50 51 40 43 55 30 57 50 38 40 42 54 49 58 59 48 45 36 56 41 62 48 75 46 49 49 56 
42 46 26 42 31 53 61 61 48 44 52 50 54 47 40 50 49 62 53 45 50 58 42 47 59 58 53 33 37 42 66 30 52 39 63 58 50 59 48 50 51 54 50 40 44 57 45 58 47 34 32 54 49 45 43 44 49 48 50 46 60 50 37 53 52 36 50 53 64 43 35 32 45 38 51 32 43 50 52 60 59 39 35 42 40 44 52 52 49 47 53 50 59 49 41 45 42 42 42 36 31 52 57 58 61 37 34 48 48 53 30 54 43 51 44 45 53 31 35 40 50 56 50 60 50 50 60 46 45 60 42 46 58 50 47 23 48 31 61 44 50 53 51 48 55 48 30 36 51 43 63 34 42 43 49 56 51 28 49 33 51 57 47 39 42 60 62 58 46 56 64 30 50 43 53 46 68 63 40 50 76 38 58 42 48 57 39 43 48 27 52 54 51 43 50 60 47 32 45 50 
66 60 53 57 45 43 57 43 77 44 55 60 46 49 38 58 62 46 59 38 49 55 48 56 48 45 59 35 71 42 60 50 39 45 46 50 45 51 51 70 37 71 42 59 48 50 42 22 63 43 39 56 38 46 41 60 45 74 31 43 58 60 63 55 38 45 50 54 52 56 44 64 48 53 55 40 55 47 50 53 60 50 45 30 41 52 60 64 49 45 59 64 46 51 53 48 52 58 68 46 45 36 53 43 31 60 35 48 62 43 57 39 56 53 49 50 58 52 43 49 65 50 51 16 73 49 46 55 49 41 60 58 49 58 61 51 49 45 36 45 54 42 54 24 51 60 55 50 48 67 48 55 50 56 43 64 44 28 48 46 42 50 39 48 40 73 48 46 66 60 51 48 51 45 45 42 67 34 56 59 48 56 43 41 53 68 51 58 41 62 50 49 53 37 56 53 47 57 50 44 
40 31 47 63 50 38 59 50 56 64 42 42 52 44 60 58 29 37 49 62 44 41 68 41 49 60 57 45 58 50 50 46 39 44 59 45 47 57 62 52 51 61 52 60 50 36 58 53 62 52 54 60 68 60 42 62 61 44 51 39 51 58 51 49 62 53 55 51 55 38 40 50 41 50 48 52 55 48 44 62 52 52 50 45 51 50 65 63 48 34 65 48 57 57 46 62 44 34 32 48 48 32 59 48 67 29 61 52 60 55 63 48 60 67 69 50 59 47 40 46 47 65 73 47 58 43 48 36 45 58 43 55 38 47 55 38 54 54 52 50 42 64 58 36 60 53 50 50 43 49 56 52 38 64 45 66 70 45 42 54 36 44 70 64 60 59 51 53 57 58 50 56 48 52 57 43 54 42 61 62 56 51 72 57 50 53 51 53 38 51 57 38 58 51 33 41 71 48 45 44 
48 74 52 49 35 48 63 55 64 42 56 49 26 46 44 46 43 62 53 39 46 50 59 43 34 37 57 63 57 53 50 58 55 49 42 54 62 56 66 59 55 50 50 44 55 43 48 50 45 56 49 36 59 44 45 68 46 54 41 53 63 43 57 40 55 67 44 48 30 54 49 48 55 49 73 52 53 44 60 52 68 39 41 48 61 53 69 46 68 26 68 60 50 55 48 52 50 66 42 58 60 32 49 54 38 45 68 56 54 53 64 39 61 46 53 50 43 44 44 55 43 34 49 49 47 52 66 54 45 58 50 46 61 36 51 33 50 47 66 58 37 39 48 58 37 55 46 49 51 29 60 39 53 63 51 32 47 54 42 54 48 37 62 48 50 62 46 48 62 43 48 50 62 46 38 44 61 58 60 39 53 47 66 41 57 52 43 51 52 39 39 41 48 50 68 45 50 54 62 58 
42 26 50 68 44 41 51 65 34 38 59 52 47 40 59 56 44 58 58 47 52 50 54 47 33 62 47 45 59 46 45 42 34 40 61 36 66 64 74 25 41 35 59 64 48 59 51 53 57 34 54 70 71 36 47 46 21 51 59 57 53 51 50 47 52 58 55 71 43 26 30 52 50 48 50 50 49 50 50 55 48 41 59 50 51 56 57 28 41 53 44 26 47 55 52 63 52 50 66 33 58 50 50 42 50 64 52 47 37 58 43 41 55 50 39 75 50 42 65 50 40 60 54 55 45 40 50 43 40 53 47 26 54 49 49 71 53 57 46 42 30 51 51 50 38 43 46 58 48 65 42 48 57 34 64 48 54 44 70 54 60 70 51 34 52 60 44 45 50 39 51 65 55 85 58 45 63 36 55 60 56 43 46 47 59 50 50 55 50 46 31 59 45 39 49 53 48 49 56 42 
57 56 48 50 68 49 49 50 55 48 58 55 40 62 40 42 59 50 50 60 72 47 50 47 50 56 63 66 57 31 58 48 48 36 51 63 65 54 85 49 61 50 63 43 81 57 55 54 62 43 66 44 47 47 51 49 50 47 44 41 36 63 38 61 29 51 62 45 61 42 47 56 57 62 56 46 63 54 54 42 62 55 41 60 62 42 47 72 46 36 49 55 60 50 41 37 41 42 43 46 50 50 59 53 41 51 57 50 51 40 71 35 42 50 62 54 59 35 45 54 42 37 34 49 54 34 53 63 70 45 32 39 40 48 43 35 37 45 48 33 56 59 45 56 44 45 56 54 68 56 43 55 49 53 42 48 26 36 46 49 57 54 42 53 46 43 54 47 35 47 60 53 63 43 30 42 49 41 56 50 70 46 44 33 42 52 53 54 60 56 67 51 41 59 65 29 48 40 39 55 
50 32 45 54 50 52 43 67 57 46 54 48 60 53 52 67 35 33 48 36 56 57 43 57 50 60 65 68 54 45 48 53 59 32 51 44 53 52 49 43 49 48 50 57 53 48 31 54 50 66 56 43 32 57 42 48 54 55 68 54 31 36 65 40 44 62 39 56 69 41 52 42 57 55 53 48 47 57 47 58 26 57 52 58 54 52 37 55 47 56 53 38 58 60 50 51 46 55 55 61 58 58 42 50 53 52 47 47 59 50 54 54 56 67 24 54 61 65 61 53 44 48 47 56 44 53 42 47 53 60 63 60 47 56 43 49 33 46 51 52 65 46 46 52 51 48 58 57 44 50 53 45 52 49 47 59 66 54 49 73 44 44 63 52 50 62 46 67 55 46 47 49 30 61 39 68 69 50 46 64 48 44 45 47 40 51 32 55 40 47 35 50 52 31 53 58 38 50 55 38 
38 56 49 39 60 50 38 50 39 54 59 54 42 62 38 49 49 47 53 45 49 49 56 49 49 42 61 58 38 55 59 24 41 37 46 29 46 46 40 51 52 49 55 50 41 62 42 60 53 62 48 58 44 46 69 68 39 37 47 45 40 49 54 44 45 52 43 31 25 46 42 62 59 52 57 70 60 64 59 51 62 60 46 49 56 41 48 47 38 45 46 45 62 29 35 29 32 61 37 51 40 49 47 48 43 51 49 36 50 34 63 50 52 63 51 35 52 45 75 42 45 62 41 47 56 43 67 48 45 36 55 45 34 53 42 65 54 39 45 41 48 61 52 19 65 52 48 57 39 70 52 50 42 48 57 36 53 57 36 48 58 48 50 48 34 25 32 55 51 48 52 55 52 40 51 35 52 74 53 50 43 50 24 42 54 46 60 54 35 28 52 48 46 66 41 45 35 60 42 50 
55 41 52 58 37 44 60 46 61 38 54 62 40 58 39 35 47 59 53 39 40 37 60 48 53 61 48 50 47 27 51 45 42 53 44 52 50 40 64 57 43 63 47 56 48 54 44 40 57 52 49 52 51 55 52 55 29 55 49 47 42 46 61 54 48 42 33 32 66 70 51 55 55 52 48 49 40 59 41 52 69 44 53 58 47 46 36 50 52 49 48 49 52 50 49 52 64 32 38 57 48 64 47 50 42 45 62 52 46 64 42 50 54 41 47 27 35 54 50 46 54 49 57 61 55 42 38 55 55 49 53 53 51 38 52 46 56 53 35 53 52 69 58 61 59 52 55 51 59 44 58 50 62 45 41 53 47 50 36 49 65 47 38 46 45 32 42 51 58 58 31 41 50 50 54 57 52 57 47 61 39 74 67 50 42 36 60 29 41 38 52 49 50 61 60 58 58 52 49 43 
996 952 1008 1027 1011 997 1005 1014 965 994 
