10 200
66 46 65 47 41 63 39 50 56 52 67 64 63 30 47 60 63 59 38 53 97 40 35 35 66 38 51 47 40 35 37 68 51 28 48 45 57 53 23 57 38 38 38 53 60 48 77 46 34 49 66 32 63 39 47 16 68 33 49 28 58 28 57 70 75 45 29 47 45 26 44 42 37 50 64 53 55 60 71 62 57 39 50 41 58 54 54 59 27 48 43 60 54 23 53 42 61 60 55 68 63 61 70 43 54 30 41 19 45 63 34 63 38 53 73 71 43 63 61 49 42 58 49 31 58 56 37 34 32 75 76 32 68 49 47 65 39 53 47 39 41 34 44 54 57 56 45 40 36 62 58 65 57 47 34 59 77 56 55 25 44 50 53 59 61 41 35 62 59 40 54 48 52 45 58 51 64 41 51 74 33 51 50 55 55 53 57 53 56 49 46 36 57 18 65 81 34 39 34 32 
49 69 48 44 35 56 44 40 46 24 49 50 13 30 25 37 56 38 55 58 72 48 56 50 44 82 31 55 51 24 59 56 61 21 57 62 50 37 36 66 63 63 25 35 59 37 52 74 71 44 48 57 28 41 33 54 56 38 46 60 65 39 59 39 63 54 45 40 57 32 26 70 33 47 56 61 43 64 68 37 64 58 48 44 78 51 53 49 50 40 66 50 49 34 63 63 52 54 57 35 63 56 77 75 41 28 28 65 25 54 49 47 27 58 52 51 73 42 54 28 43 86 36 79 55 47 72 53 64 39 50 39 32 37 65 64 60 76 31 60 31 35 58 46 31 53 72 49 73 40 35 28 61 45 25 40 37 70 75 39 55 55 58 50 30 67 54 59 52 61 60 55 55 50 39 61 56 56 50 31 52 47 49 58 71 60 63 69 45 70 29 54 64 51 51 47 61 46 67 35 
36 60 43 40 67 67 72 55 34 67 61 43 56 71 31 39 83 35 32 38 52 52 62 36 79 30 19 50 73 29 37 55 34 50 44 27 45 57 57 60 36 36 21 70 52 42 33 53 59 42 56 43 60 51 39 30 33 37 57 37 55 36 51 60 72 50 52 47 38 44 49 44 40 53 68 44 61 43 60 57 55 38 68 69 48 58 54 40 65 65 48 32 47 51 48 33 58 59 48 36 60 47 52 54 54 43 62 63 52 46 41 61 61 71 37 33 42 33 40 66 36 72 45 73 37 40 50 47 45 55 37 51 41 44 45 33 44 30 43 36 80 36 68 46 66 63 52 50 53 66 53 87 57 54 60 50 34 45 65 48 41 37 55 70 53 45 48 41 34 39 54 49 57 51 61 60 28 46 45 46 48 61 26 63 41 66 47 50 51 64 58 73 38 59 52 26 20 61 40 47 
54 43 40 56 67 41 23 47 70 58 48 15 38 58 57 39 45 42 60 35 50 56 70 37 34 56 56 53 72 58 59 36 38 20 48 39 20 18 60 40 39 58 44 6 44 56 39 58 22 51 64 37 44 67 56 53 68 60 49 57 64 64 42 42 38 33 30 59 36 40 35 50 42 69 63 43 29 47 57 38 43 46 34 45 50 64 50 22 61 48 42 60 35 58 48 96 54 64 10 39 52 61 58 50 30 58 54 43 64 50 45 37 53 21 54 48 52 46 66 63 34 54 56 42 50 43 43 72 60 24 38 57 64 62 52 55 34 61 60 45 48 61 37 51 56 43 50 45 68 19 52 59 44 77 60 43 60 54 36 49 79 50 61 66 44 61 67 59 76 45 49 47 35 49 60 61 63 28 50 60 64 38 53 37 55 54 57 61 35 51 45 73 47 77 55 12 40 48 78 74 
54 63 42 60 54 50 52 68 81 51 79 61 63 60 64 23 56 78 42 54 49 56 66 55 64 55 45 26 45 49 36 82 51 58 18 67 35 54 63 50 69 30 58 45 50 26 68 43 83 36 53 58 54 76 45 69 65 47 71 54 53 44 63 52 42 45 55 54 57 51 49 75 61 67 72 57 51 43 59 68 58 50 49 30 41 67 49 68 70 88 49 38 66 47 50 41 57 42 49 36 68 59 47 68 68 83 69 76 51 51 56 36 54 65 65 41 37 51 57 46 41 70 63 43 31 36 34 30 40 33 40 48 31 49 69 67 56 53 71 29 65 72 71 50 68 40 56 58 29 60 52 57 43 53 53 57 26 56 38 56 53 44 39 68 68 55 49 14 63 49 29 62 23 45 38 68 40 43 46 40 57 83 25 53 48 54 59 66 49 51 74 31 58 54 15 20 47 35 56 52 
60 58 42 80 44 45 36 69 54 49 59 26 33 37 54 60 27 55 55 58 49 64 69 47 39 47 43 39 53 60 32 44 23 51 48 34 62 35 52 65 55 55 44 41 46 52 56 47 36 38 38 41 27 45 44 74 49 59 35 56 54 40 80 38 47 49 47 58 72 35 55 29 58 58 53 33 61 70 39 41 49 60 60 58 53 57 44 57 68 45 53 52 42 57 47 63 54 62 79 52 45 48 71 65 48 48 61 65 53 40 47 69 56 66 58 36 54 51 33 41 67 53 36 51 32 50 70 70 57 77 39 62 57 34 40 57 42 44 39 60 27 41 46 54 34 32 45 14 54 54 38 38 35 55 56 51 43 39 65 64 41 63 34 40 60 80 49 27 58 18 74 88 54 75 60 56 51 50 65 43 52 64 38 48 40 69 61 45 66 48 57 32 49 57 91 54 48 51 42 71 
47 43 75 45 36 46 53 56 55 69 40 59 60 74 75 56 49 56 66 39 73 43 46 46 62 67 67 56 39 46 55 58 44 71 53 49 62 58 74 44 54 48 40 35 69 64 46 53 39 61 35 31 41 46 32 48 39 63 67 60 52 20 47 82 72 86 55 69 26 46 35 65 26 51 69 46 61 72 41 30 31 57 55 54 61 52 57 59 59 54 35 53 56 61 49 50 38 32 67 48 52 49 65 52 48 41 42 55 57 40 37 73 34 53 48 55 46 59 57 35 53 43 56 60 44 51 66 36 73 35 67 58 42 59 46 55 47 76 51 38 60 54 62 2 66 49 77 72 50 29 33 50 74 68 28 60 54 39 53 52 24 60 61 34 43 60 72 41 62 47 55 64 40 54 34 42 57 16 47 41 65 54 59 62 68 44 65 52 60 55 28 48 53 60 69 81 63 80 40 38 
68 10 34 30 46 65 63 53 73 47 53 52 59 59 85 74 51 52 37 43 69 52 30 55 58 67 58 62 45 44 54 32 66 43 47 62 51 58 44 80 81 34 19 48 79 64 44 44 51 42 34 54 35 51 53 52 59 38 41 58 71 50 69 45 40 37 61 36 48 74 60 62 44 58 43 69 49 40 35 55 67 35 54 74 55 29 52 63 46 73 27 56 62 46 28 31 53 39 30 29 67 52 40 46 53 49 23 49 50 43 59 66 63 59 22 52 62 48 39 63 47 46 42 87 50 59 45 58 56 55 46 60 59 87 67 43 55 56 28 38 35 58 57 41 50 45 49 57 41 43 58 57 46 65 50 74 68 23 59 68 58 38 56 53 65 46 49 40 69 52 37 57 57 43 70 45 58 59 55 50 56 32 52 53 54 50 27 62 40 25 37 46 34 57 24 40 43 59 61 36 
68 66 51 20 78 48 48 54 41 54 44 42 65 51 66 36 48 43 41 51 51 59 62 45 58 60 72 33 76 63 54 54 58 73 77 51 58 44 41 59 48 58 42 75 50 38 42 61 60 35 52 57 56 32 46 48 30 49 46 72 42 38 59 54 51 46 50 31 51 42 24 38 47 83 47 61 51 62 42 42 37 45 63 50 60 59 57 61 42 57 70 37 40 38 59 50 58 65 60 35 75 53 75 60 54 45 46 58 54 54 83 50 49 55 69 50 20 31 54 52 51 43 72 46 51 64 37 40 49 40 32 38 78 66 75 45 43 38 75 21 27 5 42 71 39 80 44 49 44 39 55 56 38 48 48 50 51 68 58 56 51 51 47 45 50 50 57 68 53 51 52 62 52 32 38 53 45 60 59 46 43 47 56 66 57 82 66 66 26 35 48 73 52 49 56 60 64 55 52 66 
47 66 42 81 74 48 55 25 47 89 43 52 28 37 46 68 46 51 40 42 78 53 55 46 43 53 49 61 48 35 32 49 36 48 44 56 48 37 49 56 42 42 31 63 56 42 41 59 59 55 41 77 44 67 64 40 52 52 57 57 60 85 60 56 55 35 77 39 47 59 62 58 48 37 54 40 45 59 62 40 47 65 54 82 44 48 73 67 33 56 49 51 48 28 48 27 62 24 49 62 43 39 66 45 52 36 40 47 22 57 57 25 34 55 47 61 44 69 54 38 50 38 58 35 32 73 35 81 63 42 60 65 63 55 39 33 69 72 52 67 48 42 42 50 69 44 61 39 40 52 36 79 74 44 42 59 46 26 40 38 41 54 45 62 25 25 69 46 42 32 46 71 51 20 64 53 47 42 22 43 39 42 70 54 54 45 48 46 32 57 59 39 30 65 54 35 83 83 45 37 
37 55 52 49 59 45 58 51 54 40 47 47 49 43 56 41 51 43 63 50 26 56 57 59 48 62 46 51 55 57 61 39 66 49 56 53 56 48 65 48 39 53 68 33 37 44 31 55 38 60 40 63 42 53 45 64 50 57 50 60 45 53 54 41 39 59 57 54 50 66 52 51 59 55 45 40 47 44 41 39 33 46 46 62 43 52 53 42 66 53 50 53 50 61 54 53 46 51 54 48 38 33 44 58 47 56 54 58 61 35 61 37 49 53 27 46 51 36 37 63 50 57 51 59 60 43 58 60 61 41 32 46 49 46 50 41 56 39 59 58 66 49 47 39 50 51 63 62 56 52 57 40 42 59 60 55 30 36 53 54 57 48 56 53 41 50 54 27 43 58 47 52 49 48 50 53 40 58 43 38 51 50 57 45 45 58 46 50 41 54 62 52 40 62 48 38 67 61 54 54 
50 33 50 69 60 50 48 48 46 64 52 50 71 56 65 62 45 56 31 51 52 65 46 39 46 39 65 45 48 57 42 48 50 67 37 50 54 62 57 50 32 48 69 68 44 56 50 38 52 50 49 30 66 49 61 47 60 72 53 56 30 66 45 67 39 46 56 41 39 57 61 45 48 54 53 51 50 37 43 59 35 53 49 53 41 59 54 54 58 49 52 47 66 50 44 54 51 45 44 65 47 47 32 27 55 57 49 43 49 47 50 50 45 45 61 44 33 60 50 55 64 34 58 34 39 65 26 49 33 60 59 43 65 72 43 45 47 38 53 39 66 52 42 57 62 52 39 58 28 51 56 61 40 45 57 61 57 29 32 59 52 44 47 37 58 32 37 36 53 50 44 47 45 50 61 45 61 38 46 51 56 54 51 51 36 47 46 47 48 36 70 51 50 46 54 56 54 57 41 53 
63 45 70 44 37 34 32 50 50 32 35 61 46 50 60 47 20 64 69 51 49 53 55 51 29 66 71 62 49 62 53 44 50 59 58 57 54 52 50 50 66 49 71 42 48 64 70 48 40 50 45 59 33 48 62 71 69 49 44 50 46 59 35 45 39 57 59 58 64 47 50 50 58 53 41 57 42 54 38 49 51 69 44 42 53 54 49 47 37 41 65 72 60 48 53 64 47 61 57 55 44 50 57 38 53 69 38 42 49 52 56 45 43 26 64 65 58 54 61 39 61 33 50 31 51 54 50 50 44 52 61 50 48 61 48 68 51 58 68 60 39 58 33 49 40 21 43 52 56 45 48 19 44 47 45 43 46 55 39 44 50 63 44 38 55 56 52 58 63 57 62 62 44 50 49 41 67 52 51 65 52 46 57 53 61 32 50 56 55 32 46 45 50 46 54 74 62 34 48 51 
42 44 66 56 47 52 52 53 31 50 56 53 62 51 52 55 63 59 38 60 56 33 37 62 66 50 50 46 44 47 50 59 50 71 44 52 71 72 41 49 64 47 54 76 50 66 47 59 67 56 50 61 65 39 52 58 37 46 60 48 40 41 54 51 57 72 62 50 47 53 71 46 53 35 41 67 60 45 41 63 47 50 57 47 51 45 60 68 52 49 58 51 55 40 47 28 45 37 71 64 42 39 50 51 58 52 33 52 56 53 56 66 50 56 50 46 62 60 53 53 59 47 39 57 54 58 45 48 57 59 63 42 45 53 52 53 57 49 44 64 48 48 58 50 50 57 52 53 40 82 48 42 48 41 41 46 45 50 59 56 42 64 48 34 61 46 43 37 44 39 52 54 55 54 43 43 40 50 39 54 49 53 49 51 49 47 52 36 49 53 40 43 30 38 51 69 55 46 36 28 
50 46 56 41 53 53 46 28 20 49 28 47 43 47 48 59 43 45 50 51 48 49 37 52 42 56 55 62 50 54 56 24 44 43 84 42 55 55 42 50 39 67 44 45 49 67 42 48 49 64 49 42 51 32 51 42 48 51 41 49 48 54 45 55 58 54 51 50 53 49 58 30 50 47 41 58 51 55 56 38 51 51 64 62 62 45 35 34 44 37 39 75 49 60 56 50 50 50 53 39 38 36 49 41 41 28 47 30 50 53 41 50 45 46 36 64 66 51 49 54 56 37 51 52 56 39 55 49 53 49 47 42 50 54 46 42 56 48 34 51 35 38 25 60 49 55 51 47 69 41 60 56 58 54 48 51 60 45 61 50 47 47 54 34 49 46 54 73 58 58 68 50 65 48 67 42 46 50 47 50 44 45 59 53 60 43 41 33 39 50 25 65 51 50 79 72 49 67 45 51 
45 44 44 33 50 53 51 40 42 60 47 69 50 60 40 46 59 54 45 58 44 50 51 40 56 52 51 63 50 57 63 56 70 49 58 44 50 48 51 41 51 46 50 50 72 51 51 60 60 45 43 57 60 48 54 42 38 50 56 41 40 60 41 44 52 50 44 40 34 62 50 65 46 43 40 58 51 37 51 53 56 32 29 57 50 43 54 66 41 48 42 49 49 52 54 41 52 52 31 49 56 49 42 41 45 62 56 42 62 50 43 42 40 46 53 48 50 50 61 58 44 57 69 50 63 50 53 43 45 47 45 40 51 60 50 51 52 55 49 50 64 63 43 52 72 49 70 64 56 49 58 59 60 49 50 50 50 61 37 49 47 37 50 43 38 31 57 69 40 75 35 22 47 54 50 37 42 58 49 50 46 37 64 49 46 43 53 52 39 61 50 69 66 49 34 56 57 62 58 25 
48 56 27 61 61 59 54 48 37 40 48 45 42 46 51 37 56 48 29 55 18 61 58 67 50 33 34 38 46 53 59 46 60 46 41 48 46 41 27 51 58 54 49 64 46 41 51 58 58 49 64 54 50 65 61 48 49 39 50 48 46 68 54 38 32 38 50 43 64 65 62 50 63 56 31 53 49 32 55 50 56 58 49 55 44 44 40 36 53 45 50 46 56 44 50 49 63 49 38 52 42 53 49 40 44 53 47 48 50 64 60 32 64 48 50 42 57 38 46 66 48 51 45 31 70 66 36 59 38 52 43 54 53 39 54 44 50 31 45 62 52 53 44 71 49 49 30 50 51 62 69 60 41 40 61 40 56 61 60 47 61 48 42 60 55 51 43 50 39 43 47 42 67 46 52 50 50 68 54 62 38 50 54 39 40 51 54 43 47 38 64 43 50 36 45 44 41 27 47 60 
39 70 60 63 50 37 47 41 31 53 42 46 51 50 43 32 52 40 58 59 47 51 54 44 48 42 44 39 49 50 56 71 37 59 48 45 40 43 46 41 34 65 72 47 37 47 67 49 43 67 60 60 45 50 55 59 50 55 59 32 47 47 44 55 58 53 57 55 49 39 41 47 50 39 53 58 49 50 66 47 35 49 48 29 48 64 51 36 44 38 72 45 54 58 55 63 57 59 63 62 44 50 56 57 33 39 68 54 48 63 57 46 30 48 66 61 54 56 60 39 59 49 51 33 47 52 50 33 50 55 54 50 50 27 54 48 37 46 52 74 54 50 43 56 56 49 47 50 55 51 57 43 45 44 46 37 29 59 43 34 52 59 49 51 45 49 51 54 42 54 61 48 41 60 33 53 52 42 53 60 45 60 56 50 48 52 72 40 38 70 54 52 61 59 54 61 58 53 45 53 
33 34 40 55 30 30 46 50 60 53 47 43 43 51 39 46 63 45 58 38 50 26 43 52 42 38 50 61 46 33 43 51 41 34 45 50 41 57 59 38 48 50 54 41 44 54 54 46 51 54 54 48 40 50 50 59 73 54 46 52 61 48 45 38 58 64 38 60 45 56 54 62 57 31 66 40 63 33 59 59 64 53 37 60 47 39 48 38 70 50 32 37 60 53 59 50 44 35 47 49 43 57 35 55 50 52 59 40 46 48 26 46 45 38 36 48 73 69 32 57 48 49 50 50 50 41 70 60 51 50 58 63 25 43 38 51 56 60 28 62 58 71 41 50 65 38 66 56 58 50 51 52 54 54 55 50 46 43 55 45 41 49 46 56 54 46 39 51 40 58 63 52 49 61 59 65 56 47 36 49 67 50 44 40 34 44 40 60 62 65 41 35 52 55 48 41 52 50 62 39 
63 58 50 29 33 43 43 64 61 15 68 51 59 53 44 47 49 48 76 53 34 48 54 48 45 61 61 40 50 63 57 53 57 53 56 50 58 67 37 42 49 52 76 48 59 59 60 49 51 59 53 30 57 48 52 67 47 52 41 44 45 41 46 38 57 59 36 45 40 53 39 41 49 63 47 46 50 40 50 51 52 45 64 34 58 39 39 47 62 50 61 57 57 62 43 62 25 67 59 45 53 58 47 50 46 48 55 48 60 44 50 55 54 58 48 40 60 31 46 61 43 60 41 57 55 31 65 35 34 53 48 36 30 44 54 62 53 41 61 44 56 45 49 50 32 33 40 62 58 52 73 24 27 50 58 50 54 70 57 35 54 50 44 50 53 70 39 56 50 57 53 53 42 66 42 49 41 43 68 51 51 41 48 43 49 48 56 55 63 51 45 61 60 36 45 55 43 33 51 59 
1001 999 1018 1022 984 1003 985 1004 984 1001 
