20 200
44 58 63 52 59 41 42 40 44 51 49 46 50 69 53 37 41 46 65 48 54 63 43 78 57 37 46 41 66 52 35 62 42 44 60 71 79 60 35 39 55 34 65 78 42 44 52 59 65 60 46 49 51 45 13 40 53 61 44 50 45 70 57 27 50 50 42 48 76 73 70 37 36 75 73 40 59 41 50 46 64 48 66 57 57 37 44 36 61 49 58 50 44 40 71 53 50 60 55 66 52 44 57 48 66 74 53 40 47 52 51 51 39 49 50 44 44 36 48 40 51 44 62 47 55 39 21 48 47 53 66 43 40 44 48 46 65 53 49 34 53 46 42 89 62 53 51 62 41 51 75 51 66 62 48 33 35 15 34 52 37 69 56 41 48 55 73 58 49 69 73 59 62 44 52 56 53 40 72 52 58 71 23 53 64 63 50 70 40 28 46 77 49 43 42 29 32 73 25 81 
50 62 56 51 48 66 40 47 85 60 83 44 46 30 54 42 33 71 63 49 54 42 64 57 30 55 56 61 34 67 22 85 67 59 47 65 33 44 53 43 45 69 66 54 51 40 45 61 42 72 50 18 74 36 74 38 35 48 56 51 48 57 51 54 53 49 60 44 61 46 34 78 30 58 70 35 40 86 50 42 46 49 63 45 45 25 72 40 66 59 33 28 51 58 48 42 36 64 35 47 66 52 71 42 46 55 57 46 50 49 50 81 51 45 53 59 49 40 36 65 46 63 55 58 48 36 43 47 74 47 51 44 32 27 50 65 47 29 66 67 50 71 61 55 61 59 39 64 67 43 38 28 52 56 56 51 44 62 32 53 49 49 34 63 75 30 46 44 62 67 56 73 48 88 41 37 37 58 50 44 73 51 32 68 55 67 40 58 51 35 52 63 38 44 50 45 36 60 57 40 
31 62 72 23 51 59 55 47 65 57 63 39 49 53 39 50 61 55 52 24 37 41 36 48 24 42 45 56 46 96 39 69 3 46 29 55 57 35 17 52 49 61 48 70 43 58 62 58 42 54 79 57 52 29 46 63 58 59 67 33 45 57 38 78 52 58 44 56 67 38 37 59 46 53 50 38 19 73 52 39 57 70 70 16 75 48 64 27 48 35 60 30 23 51 58 39 45 35 48 43 59 36 53 53 65 29 53 41 36 34 57 55 57 68 56 57 56 33 40 73 51 43 54 35 39 71 70 54 50 67 24 47 48 56 39 50 50 50 52 30 28 36 75 59 54 40 40 49 52 36 52 59 36 39 67 43 65 55 31 74 56 47 56 39 53 54 39 62 54 62 47 52 54 46 50 69 56 72 36 49 49 68 62 53 42 48 53 69 48 58 62 69 39 47 65 55 55 50 72 59 
61 47 41 44 43 51 60 65 31 49 69 51 34 37 37 69 53 47 72 46 46 52 49 52 70 60 35 60 70 52 48 60 61 14 56 29 50 46 48 48 53 51 59 53 47 52 39 23 76 17 30 43 35 43 59 51 59 59 24 23 43 40 80 47 69 52 69 50 63 48 64 62 44 63 42 74 45 25 54 82 54 35 48 26 46 42 24 42 51 59 55 66 46 21 52 56 37 64 60 37 72 52 62 32 45 74 50 33 39 48 61 48 34 43 47 62 46 63 38 52 59 38 41 64 35 58 71 68 59 61 42 61 66 41 60 45 55 65 63 38 38 33 73 44 59 71 20 33 51 45 41 37 59 47 59 49 37 44 54 41 42 44 56 44 45 58 66 47 31 64 79 71 43 50 55 38 46 69 77 47 72 69 25 53 60 30 54 58 34 56 42 45 76 41 40 51 44 38 43 60 
34 50 30 48 27 42 42 58 43 41 52 53 53 60 49 36 33 59 43 30 58 47 60 72 39 48 45 56 54 65 77 53 45 55 67 69 56 52 42 35 62 53 54 34 25 36 31 59 45 60 70 58 47 47 75 69 66 55 31 45 70 46 49 49 54 65 31 43 54 60 69 64 50 43 40 46 59 55 48 54 66 58 45 44 53 48 32 38 31 57 37 69 57 47 76 54 64 62 53 95 52 56 63 83 72 71 45 41 51 51 41 45 62 82 50 33 36 49 32 22 85 41 23 44 47 24 69 34 40 31 54 33 25 45 45 38 30 43 31 59 49 55 55 64 47 43 51 38 43 34 51 45 43 58 49 53 40 67 39 74 67 65 39 54 41 55 52 67 60 65 39 73 51 40 54 48 71 58 63 41 51 46 67 41 55 44 39 48 43 32 70 50 39 55 39 52 77 36 79 52 
72 34 67 35 45 49 63 62 69 59 49 42 50 36 44 43 71 80 67 52 46 58 62 41 74 52 43 73 41 58 64 43 63 54 59 30 48 36 20 55 33 38 47 51 35 31 25 54 47 53 63 77 44 70 66 67 39 60 31 29 38 46 49 32 42 62 59 60 53 46 56 59 51 66 50 46 29 42 40 38 37 51 47 68 28 61 45 54 55 41 38 60 25 34 53 39 50 71 58 39 69 55 57 86 68 72 15 69 28 48 19 61 43 46 42 48 49 58 51 70 54 57 55 38 46 43 47 48 55 45 59 47 44 55 27 38 60 47 59 53 48 35 49 67 50 39 46 42 55 60 33 23 40 31 47 48 43 39 45 67 60 27 34 75 54 66 47 40 52 55 48 46 34 34 40 47 47 39 18 51 70 62 45 55 43 68 26 28 22 49 51 56 38 58 76 52 43 56 61 70 
31 67 48 45 23 59 35 43 49 45 40 58 28 53 55 63 56 63 86 51 65 48 42 40 63 37 61 50 39 43 49 62 60 48 65 37 49 31 57 48 54 72 54 34 36 69 42 50 57 55 30 49 38 46 35 30 56 53 63 66 39 52 41 44 70 79 36 68 72 56 42 72 50 51 50 59 36 77 40 63 45 45 54 31 52 41 45 49 48 58 45 38 57 60 42 64 55 74 36 49 38 34 44 42 69 58 66 43 51 56 64 25 60 43 28 49 66 48 84 52 49 43 55 30 55 21 66 25 63 17 64 49 56 66 75 30 41 58 64 34 74 67 62 39 42 50 90 60 72 40 41 21 65 68 63 68 55 58 46 63 56 42 65 65 50 44 82 61 54 42 64 29 52 57 72 57 50 36 46 61 56 57 35 49 41 65 36 46 49 50 41 47 51 58 73 64 56 52 52 37 
45 55 42 51 73 58 69 84 74 38 64 49 29 32 53 47 41 43 47 53 60 52 41 54 27 58 37 57 28 50 70 44 36 69 51 33 41 56 72 54 45 42 43 44 64 37 57 63 55 57 67 71 54 65 78 58 49 54 63 74 44 65 46 35 52 36 49 74 54 62 48 46 49 75 37 79 68 72 52 64 39 50 26 51 49 62 79 28 48 39 46 31 39 46 51 47 51 61 68 59 55 53 47 35 28 55 60 32 67 48 45 56 44 59 50 43 56 39 43 61 49 62 42 49 58 39 46 77 57 48 39 42 51 53 41 22 44 66 34 50 50 44 65 68 40 55 54 44 25 98 62 53 35 65 48 49 49 43 44 51 63 54 50 41 44 48 50 39 51 39 51 43 71 31 41 56 41 30 47 55 45 65 50 51 62 63 36 61 76 47 55 48 58 42 52 47 47 61 62 49 
58 58 65 72 43 40 58 63 85 49 45 25 25 56 70 38 25 64 56 56 41 51 55 50 43 48 59 67 62 53 46 44 71 66 43 50 72 42 35 41 44 39 54 47 74 46 45 38 50 54 67 46 32 28 61 36 79 63 64 48 58 56 42 56 48 63 50 76 51 29 31 45 59 72 51 62 23 51 44 41 42 62 42 64 53 79 46 62 26 75 28 26 45 33 51 52 36 32 40 40 64 56 50 64 31 47 37 66 82 54 30 73 41 41 44 26 51 44 15 44 47 48 51 50 41 42 33 29 23 35 33 61 36 33 44 61 65 43 50 52 57 61 54 64 56 55 36 43 51 45 67 62 58 31 36 33 67 54 58 41 42 57 35 54 60 74 22 38 69 54 51 62 59 70 42 53 77 34 47 38 57 47 56 14 16 70 36 41 42 52 28 34 67 41 42 41 79 33 57 45 
45 62 62 48 45 40 48 45 58 52 52 29 53 60 30 43 43 47 48 66 75 60 46 30 43 33 70 74 52 50 40 59 62 55 50 58 33 72 58 47 55 74 41 65 50 58 52 58 51 67 33 40 49 59 50 45 38 53 43 53 56 62 46 40 55 38 71 19 55 41 61 78 44 51 57 53 36 47 44 54 79 52 56 37 44 62 44 51 85 74 62 43 48 68 18 54 58 43 45 38 47 50 52 29 44 68 30 76 70 85 48 65 63 82 60 52 46 55 57 48 41 29 53 40 36 30 40 20 39 65 64 51 58 72 61 34 52 63 60 27 69 41 57 42 54 23 46 71 55 37 42 26 25 49 72 18 47 79 69 68 65 56 73 63 59 49 54 53 64 47 50 75 50 63 72 47 42 56 59 30 59 33 56 36 38 54 63 48 39 36 59 54 37 21 64 69 53 71 51 38 
59 61 77 32 52 52 29 57 56 63 48 42 58 52 49 51 61 67 61 41 34 50 46 37 59 39 32 60 55 33 66 57 51 26 51 77 63 39 59 59 37 43 41 49 62 44 57 32 47 48 70 46 50 58 40 43 45 42 78 40 65 39 68 60 52 47 52 48 64 51 55 65 39 51 53 57 70 46 30 31 59 44 18 39 41 62 46 70 52 57 48 75 49 34 43 49 48 55 43 72 49 51 64 52 52 73 54 14 67 28 52 77 66 51 75 66 48 45 48 52 51 50 34 45 65 44 48 67 47 42 45 70 45 65 62 61 49 68 70 35 36 32 52 25 18 51 63 56 67 50 70 68 59 61 56 42 57 26 38 63 59 58 55 35 68 27 49 71 38 44 42 19 51 47 63 31 40 66 58 51 64 64 51 59 46 59 37 49 50 63 48 44 32 61 34 59 58 57 59 43 
73 46 28 72 35 35 54 63 64 58 5 51 49 46 51 34 60 33 42 56 40 41 44 46 35 55 33 55 31 40 59 41 41 36 35 53 60 45 49 56 38 63 75 58 45 48 51 61 80 69 60 62 54 57 38 58 35 45 40 42 50 31 43 53 60 64 50 32 59 48 67 44 57 41 58 46 39 73 32 48 67 70 61 61 52 49 60 51 52 36 46 47 33 60 53 50 66 75 44 25 31 46 62 44 31 70 77 54 41 64 49 50 54 76 57 48 48 45 57 41 83 66 39 40 43 61 46 49 39 33 52 48 70 37 37 41 43 39 35 68 53 49 29 69 55 45 57 52 45 58 44 46 52 37 47 43 67 64 33 65 56 46 45 44 55 45 47 59 49 42 76 39 51 45 58 54 41 50 34 72 47 49 56 59 62 65 42 61 53 71 61 45 57 64 33 50 68 58 66 57 
52 52 47 30 49 39 53 54 40 48 40 53 56 41 31 65 62 63 52 29 64 71 53 58 48 43 37 40 39 68 62 65 67 43 49 64 60 49 53 52 48 52 79 52 31 56 56 73 52 43 64 56 67 46 58 41 52 39 30 70 68 55 50 27 32 34 34 43 52 40 48 60 51 52 80 40 54 45 65 62 34 57 56 52 32 43 38 53 51 70 32 46 60 79 59 69 48 55 56 55 47 35 81 51 59 66 23 60 48 36 40 63 53 90 53 33 51 42 38 49 50 58 34 41 56 32 45 21 65 54 59 49 71 17 65 65 45 49 44 66 55 59 51 56 62 29 48 44 64 66 60 61 52 57 51 30 44 31 47 37 64 37 53 53 18 78 27 72 64 48 47 44 88 53 50 37 53 55 54 59 51 33 57 57 58 43 56 35 57 53 53 60 79 74 45 48 45 47 62 43 
74 36 72 38 63 40 45 48 54 60 49 30 55 41 56 54 82 46 37 33 52 46 73 62 62 59 56 42 62 33 70 52 56 33 55 49 46 72 62 75 51 25 41 43 35 47 52 65 64 68 60 52 52 49 50 36 24 30 54 36 56 61 30 47 51 48 57 31 49 51 45 47 34 85 48 40 44 44 51 51 45 40 66 35 44 60 32 69 55 64 47 42 65 29 27 38 42 66 58 25 53 57 41 41 60 64 28 64 61 81 50 49 44 57 44 80 40 38 57 20 44 46 55 65 56 64 60 59 58 72 52 53 68 51 29 45 35 56 33 61 33 68 33 52 54 50 37 71 43 20 69 36 62 33 35 55 50 34 49 64 34 46 58 38 62 41 42 46 78 46 67 60 30 39 46 43 64 32 45 46 48 62 56 49 54 75 32 68 48 16 88 60 31 59 65 21 84 47 27 56 
28 40 61 67 52 37 36 25 49 66 68 22 63 45 51 59 70 53 33 21 48 49 66 47 28 53 44 78 59 43 22 44 43 49 70 45 50 39 59 50 53 54 57 52 57 56 32 63 58 49 60 45 51 63 72 35 45 24 60 42 38 67 59 37 51 54 41 57 75 55 44 50 70 38 58 54 26 73 60 63 49 48 46 47 57 55 40 41 46 46 15 30 66 66 58 34 61 55 57 63 47 51 46 56 41 73 58 61 46 51 82 17 46 36 41 57 39 59 71 51 52 57 52 51 33 27 84 39 61 62 46 52 37 65 44 62 53 37 62 47 43 47 60 65 57 40 68 38 53 35 68 50 72 46 59 49 45 58 61 73 49 87 61 47 43 54 54 44 38 42 46 62 42 77 82 56 50 37 60 36 20 43 50 41 52 85 76 69 63 51 47 55 48 43 51 54 64 40 44 44 
70 52 56 60 40 36 58 20 66 26 45 26 25 42 79 32 43 56 39 14 62 33 55 41 30 54 60 60 56 50 49 47 62 62 68 52 42 56 53 31 50 63 78 35 41 80 55 46 48 77 66 69 50 70 41 69 46 67 100 44 54 59 44 58 22 43 63 38 37 60 36 55 40 36 25 50 61 50 59 46 67 48 35 78 60 38 64 36 47 73 56 35 61 57 60 58 65 36 62 69 66 46 69 69 33 36 70 59 70 47 35 39 57 45 35 36 54 40 61 50 61 55 39 49 48 83 51 66 49 62 64 31 70 52 39 49 52 56 54 64 48 61 50 54 59 45 68 36 18 53 64 42 48 52 55 43 15 67 65 69 47 63 76 47 52 55 53 35 50 50 37 33 48 38 66 67 35 43 66 31 64 35 54 28 61 56 68 48 71 58 43 46 28 42 45 31 68 58 69 76 
61 33 70 52 59 65 80 37 47 68 42 49 56 53 39 69 62 66 40 43 37 38 55 32 59 56 29 63 43 68 38 61 49 31 59 40 42 36 36 42 49 45 35 66 61 74 28 45 55 55 46 52 41 38 56 50 44 54 32 49 57 63 68 43 72 61 52 37 50 45 79 47 54 38 53 53 65 51 60 74 46 15 64 39 56 48 76 56 70 62 54 42 31 43 51 47 54 53 59 53 71 53 36 35 28 54 44 38 46 73 46 51 54 58 45 57 59 55 66 55 65 45 63 27 64 49 57 61 56 59 60 64 48 68 45 59 36 62 49 31 57 33 94 58 58 58 69 59 38 32 47 75 47 51 65 61 74 61 54 26 62 68 39 54 83 59 58 33 66 34 38 45 51 41 50 46 53 55 41 59 55 43 66 51 62 34 66 75 75 53 58 50 79 66 50 34 43 28 55 40 
71 57 70 37 74 61 52 40 65 60 45 66 42 47 48 73 59 42 43 57 48 47 4 32 47 37 47 52 37 58 37 36 52 49 50 70 37 71 53 41 50 40 52 61 37 41 56 35 45 67 47 78 47 81 60 83 44 58 53 79 26 63 59 48 51 36 45 61 61 42 69 65 26 48 74 32 37 57 72 39 57 47 61 65 13 56 43 40 14 51 51 33 46 58 33 57 84 45 38 57 60 60 18 39 38 51 50 70 43 39 44 65 76 40 63 27 56 71 46 50 44 31 39 76 30 65 36 62 54 60 58 63 51 58 80 45 44 59 77 51 76 57 68 49 46 58 37 33 30 27 31 42 54 30 71 47 34 62 79 62 31 55 35 35 50 62 55 67 69 61 51 63 54 30 52 57 79 43 48 44 41 28 59 49 56 24 33 69 43 80 69 58 74 58 53 54 57 49 46 53 
38 43 42 53 55 55 49 55 44 28 56 60 61 59 47 36 68 36 36 46 72 44 49 74 46 36 27 64 62 55 60 48 61 60 34 78 62 40 67 50 61 26 71 64 31 68 45 45 59 38 31 66 50 44 42 50 54 52 59 59 48 47 72 57 54 60 71 67 50 45 30 65 54 63 31 50 38 66 54 50 53 55 53 49 53 52 58 37 56 60 53 68 45 68 36 43 50 45 69 29 61 41 41 54 27 49 45 67 58 40 44 57 25 56 53 80 68 51 54 29 32 44 66 59 53 51 52 43 51 46 33 40 54 40 51 52 45 55 44 50 53 31 50 43 44 49 30 44 50 45 50 50 49 54 30 32 72 23 75 75 56 31 46 55 45 64 79 64 49 54 55 45 62 69 53 48 21 76 61 28 29 56 62 69 53 64 33 47 60 58 37 82 57 46 52 50 84 46 54 70 
64 53 48 33 45 64 36 38 34 56 70 50 41 67 66 64 65 60 53 53 60 30 58 62 51 41 62 41 85 42 44 37 48 56 59 50 47 55 60 48 52 48 53 62 45 51 46 61 62 56 72 77 62 73 53 49 77 36 54 48 42 74 50 35 45 50 38 39 48 62 35 69 49 70 55 76 58 52 52 58 38 51 49 69 77 47 48 42 38 63 63 46 73 52 30 28 64 44 66 53 68 50 60 60 37 54 64 24 32 43 45 49 50 54 56 47 46 70 60 63 49 79 55 55 59 80 49 52 53 48 27 43 48 53 32 48 67 52 38 55 58 75 56 60 56 54 43 47 35 50 45 39 76 47 57 72 40 73 47 39 56 61 60 70 81 50 54 66 47 57 57 36 37 37 47 43 42 50 49 30 41 38 41 70 27 68 38 55 57 61 46 24 56 45 31 35 56 49 58 46 
59 53 38 44 46 54 55 53 40 50 42 50 54 37 35 50 64 45 36 59 47 44 51 24 44 57 48 66 42 45 44 53 50 55 44 50 40 50 55 57 52 58 32 41 59 50 50 45 57 51 50 46 50 42 74 56 45 48 40 50 54 40 38 58 52 46 55 50 34 36 33 63 56 31 38 65 51 50 38 60 44 55 51 47 45 64 61 58 49 40 58 50 43 46 47 50 46 39 55 51 58 57 50 53 23 31 50 52 54 48 44 50 47 40 32 63 57 55 38 53 45 41 49 55 53 51 72 57 56 58 48 57 52 45 71 47 43 49 48 60 54 47 52 28 47 55 53 34 53 52 33 52 56 40 60 62 61 63 63 64 67 41 52 50 40 50 31 48 52 30 42 51 32 53 55 56 49 60 47 53 44 48 67 44 42 56 45 39 61 77 44 35 45 53 60 68 57 41 61 42 
42 63 43 50 52 38 49 62 17 33 32 47 58 62 52 53 60 44 43 51 27 54 47 40 52 43 49 39 69 45 68 35 38 63 55 43 49 52 48 53 50 22 35 57 62 49 41 49 59 29 40 61 19 53 26 47 58 39 49 50 56 49 50 60 48 49 51 59 51 53 54 28 65 47 44 60 48 23 53 58 70 60 42 67 42 64 41 49 40 50 61 74 50 44 56 52 61 46 57 50 40 48 36 49 54 50 66 65 52 43 48 32 59 56 56 39 58 42 61 49 52 39 63 49 64 59 57 45 42 64 47 55 57 59 41 41 44 63 44 41 56 50 42 43 36 52 62 50 46 56 65 50 48 45 45 57 49 51 54 50 48 63 57 52 34 51 63 50 43 41 45 33 51 28 48 60 56 46 57 53 43 50 60 50 52 34 55 43 52 63 49 41 50 49 61 54 57 37 42 65 
66 36 31 67 40 47 58 58 51 47 43 57 45 56 46 46 48 49 45 57 62 71 56 57 69 42 43 47 52 26 47 42 65 61 62 35 30 66 73 46 44 38 45 40 52 44 41 50 51 52 40 51 50 50 53 50 53 41 34 50 62 46 48 16 50 46 47 55 40 59 56 57 48 46 51 55 68 35 57 48 47 39 36 65 40 55 46 60 53 65 43 57 67 50 51 51 51 56 52 39 39 54 40 44 44 50 60 50 50 64 47 48 50 46 54 41 36 57 53 42 44 53 41 71 50 41 29 43 53 39 50 51 53 44 59 49 52 50 69 64 76 53 29 51 44 64 55 52 50 71 56 51 39 39 48 50 44 46 61 39 50 60 54 54 53 38 54 58 50 42 53 46 37 55 61 27 54 27 58 48 55 45 41 46 56 50 54 32 43 44 54 42 53 52 48 44 40 51 30 45 
40 57 45 50 48 48 51 50 64 59 43 49 68 60 46 31 50 40 43 56 46 61 42 50 59 34 62 44 33 61 49 49 54 92 39 53 47 48 50 54 60 32 50 47 60 50 53 69 44 74 62 57 52 48 41 47 42 35 77 75 66 55 37 47 39 55 41 46 38 47 34 55 52 30 65 29 44 73 49 27 54 46 48 63 60 58 66 58 50 39 43 55 42 74 49 46 60 47 41 59 50 49 47 69 44 39 51 66 56 43 40 67 66 50 45 42 43 45 51 56 53 60 58 32 64 51 40 40 45 39 51 42 30 60 42 50 36 38 41 56 55 55 42 37 42 46 72 58 55 44 42 59 51 61 46 41 56 49 41 56 53 44 50 56 51 36 36 42 68 42 31 45 51 64 43 60 64 48 46 51 32 46 69 44 44 56 50 59 49 56 36 50 36 50 49 50 46 51 48 47 
48 49 50 44 77 54 54 53 53 71 40 37 50 42 44 45 65 36 45 64 68 50 47 36 59 43 50 45 53 55 54 48 61 48 43 57 52 42 56 53 50 50 41 56 65 67 59 46 41 49 31 46 52 50 31 36 51 54 53 54 46 50 42 49 45 36 62 58 39 23 51 39 55 50 59 50 39 44 52 50 26 47 60 56 50 57 57 63 51 49 68 42 50 64 42 36 58 28 50 31 41 40 33 42 43 25 62 61 43 49 56 49 41 36 50 56 65 50 55 55 34 64 56 56 61 72 38 56 55 64 46 56 76 56 62 61 61 58 63 45 52 33 42 42 47 63 60 62 45 63 54 51 65 54 61 65 47 35 61 48 36 40 54 52 59 47 46 46 36 51 46 41 51 66 53 50 37 42 59 40 63 49 47 63 46 58 79 51 50 58 37 51 61 33 69 60 39 64 28 44 
42 67 35 53 56 60 46 51 49 39 48 52 47 61 57 55 56 32 40 54 56 35 25 43 27 52 48 46 50 48 41 67 53 45 33 55 42 56 53 49 54 51 59 49 69 52 65 40 53 46 42 43 57 35 36 52 48 50 57 54 48 54 65 55 69 54 34 55 51 51 50 44 47 38 59 55 59 51 42 56 66 51 57 41 52 46 62 49 48 53 67 35 76 59 54 54 50 38 44 66 37 50 56 44 40 54 63 40 66 50 69 43 59 57 49 50 40 30 50 49 44 54 45 60 48 47 54 50 58 45 50 61 50 47 56 51 53 54 44 55 50 62 50 45 39 49 53 55 51 43 59 79 55 65 56 48 54 59 62 46 40 61 57 38 35 44 56 67 38 45 53 48 67 52 52 57 58 54 70 60 47 53 61 52 58 41 63 79 66 47 50 41 52 45 33 43 59 50 52 37 
57 36 44 55 64 36 52 48 62 47 50 51 62 38 62 27 50 37 36 52 43 50 66 59 35 56 54 60 50 74 59 50 38 49 26 50 51 65 57 43 47 53 41 55 57 41 68 51 46 52 68 57 57 44 46 54 46 50 47 35 67 53 62 49 47 43 62 46 43 38 55 45 59 48 53 49 61 48 62 47 53 70 44 57 46 56 50 51 62 55 54 52 48 48 48 48 48 41 70 61 55 60 57 54 41 41 41 52 51 51 40 55 29 66 64 66 42 52 45 49 50 51 48 60 52 65 51 66 42 65 37 51 47 42 31 62 47 53 54 64 29 51 52 64 53 56 21 45 50 51 50 58 42 48 46 52 50 37 52 38 43 51 42 45 51 54 35 41 41 65 40 61 44 50 26 42 58 62 54 57 47 50 61 41 61 33 61 58 57 58 52 50 50 41 41 35 47 55 49 59 
50 51 68 51 34 34 26 23 29 64 49 54 59 66 47 50 56 53 52 46 40 48 53 57 70 34 44 44 55 44 42 60 60 36 47 60 57 51 48 57 59 47 52 53 47 68 44 41 48 44 32 32 53 55 34 45 42 48 40 27 53 42 43 56 46 63 57 26 48 33 56 50 38 24 54 36 40 43 43 38 47 65 58 50 50 43 35 63 55 54 61 60 56 33 53 53 48 38 41 44 46 52 61 64 68 48 44 60 55 48 63 45 50 44 61 64 53 38 66 51 52 56 39 52 35 61 59 42 52 48 54 57 45 48 51 71 67 48 67 49 50 50 23 40 53 46 48 63 68 16 41 48 71 45 53 52 50 52 55 50 52 54 51 65 50 46 54 59 50 49 45 61 56 56 48 57 54 64 54 53 48 52 47 37 41 46 53 45 25 43 54 57 55 49 48 46 66 47 43 63 
38 44 50 36 55 53 47 29 43 49 44 58 48 36 37 47 65 42 56 40 53 49 46 48 54 43 48 36 43 54 52 58 31 45 54 43 47 61 58 51 41 43 46 48 37 58 49 53 52 45 42 45 59 56 35 53 30 45 50 50 34 46 60 47 60 47 41 39 52 71 63 58 53 36 47 50 61 34 64 55 55 53 65 49 34 40 55 42 63 46 63 70 53 52 50 48 41 69 51 61 46 46 50 37 61 54 50 44 43 37 66 30 57 54 49 50 50 49 70 51 61 56 50 53 60 57 55 51 57 61 68 37 52 79 49 49 39 64 51 50 45 38 47 35 44 48 61 58 46 47 47 47 42 68 65 57 40 45 36 54 50 53 65 54 51 38 56 53 26 61 55 48 53 35 50 57 38 67 50 50 51 58 34 65 51 41 64 60 60 34 72 52 48 60 56 52 24 53 39 53 
55 37 60 65 57 57 40 66 44 41 46 63 49 34 71 48 52 41 54 44 44 63 49 62 48 66 38 47 50 51 54 43 49 53 50 56 54 38 61 50 46 28 53 39 48 55 53 35 41 43 66 53 49 54 61 46 57 42 44 45 55 36 48 61 54 48 44 60 40 35 45 42 56 58 39 50 66 55 51 56 44 45 48 51 45 47 51 48 30 38 49 52 56 37 57 54 38 51 53 57 47 56 42 63 50 46 66 38 45 35 58 43 31 37 48 64 52 48 41 50 69 60 49 56 64 52 62 58 72 36 41 52 41 45 41 46 49 39 43 68 39 48 49 63 46 57 55 47 47 62 58 63 67 54 23 68 52 43 30 40 59 43 37 51 45 50 37 48 34 43 51 37 58 45 38 57 54 51 45 64 48 70 47 63 60 46 43 45 58 47 30 44 57 60 46 36 43 37 46 55 
52 35 37 59 39 40 60 42 59 38 52 55 34 42 58 50 39 38 50 62 59 41 66 54 52 62 61 57 48 47 44 51 53 67 52 38 38 53 52 50 54 49 46 57 36 55 46 57 50 57 43 55 50 43 68 54 63 49 49 53 35 62 26 43 47 55 50 45 34 49 50 33 53 50 55 49 52 52 57 64 64 33 76 50 65 50 58 50 52 43 69 30 70 73 59 52 52 57 58 46 47 50 38 60 49 27 40 60 52 73 56 37 49 50 41 37 45 47 56 50 56 50 58 34 45 57 50 36 58 57 45 43 56 42 39 40 53 38 37 54 61 58 52 63 63 45 46 35 32 44 50 52 40 58 36 64 42 68 59 51 56 50 46 59 33 56 51 46 63 57 63 61 48 57 35 52 53 48 54 47 44 57 45 50 50 41 53 42 55 55 59 58 56 31 62 41 40 34 42 58 
32 56 71 40 61 62 42 50 35 45 72 50 33 58 57 67 39 59 45 44 51 60 56 47 57 52 66 46 52 55 38 63 49 58 45 54 43 50 50 47 60 39 34 50 43 42 48 38 35 50 55 31 59 53 52 56 64 45 69 50 43 55 50 48 46 40 36 53 54 65 45 52 48 56 48 58 47 39 56 66 39 46 40 39 39 56 51 50 50 61 52 51 48 46 42 48 50 45 48 58 71 60 45 50 46 50 41 59 50 51 46 37 37 32 36 66 50 50 54 55 27 46 53 58 49 42 48 52 48 56 55 53 44 50 52 74 48 48 60 33 43 48 71 29 51 55 50 51 48 48 48 48 45 55 53 72 34 44 49 57 40 42 50 50 43 57 54 39 52 54 42 58 51 49 39 58 57 58 56 47 50 58 46 38 40 55 62 50 49 32 44 55 50 45 57 54 42 54 46 61 
39 42 51 57 51 62 40 58 49 50 56 55 50 47 59 41 55 46 47 60 37 38 44 48 50 52 48 55 57 37 44 36 44 51 57 26 39 49 46 48 41 50 42 44 68 52 42 49 49 44 37 55 42 52 57 59 43 57 53 38 40 49 51 51 60 72 46 53 55 46 50 41 39 52 23 54 41 48 52 32 63 54 51 48 46 58 57 45 50 41 52 58 43 48 40 50 60 29 45 47 50 54 30 51 40 35 50 51 47 53 49 31 52 34 49 61 55 59 48 61 50 40 56 61 38 58 55 70 51 45 46 53 30 73 51 52 44 52 60 52 45 40 57 41 54 66 47 56 50 30 51 57 50 30 42 68 49 70 57 60 26 59 51 58 67 38 68 36 43 48 48 57 28 49 39 61 54 49 51 32 46 57 50 40 41 49 45 58 41 50 41 40 32 34 45 50 59 54 42 58 
46 57 36 61 44 58 57 60 47 38 49 65 50 45 57 39 34 44 62 52 51 53 48 47 47 60 45 49 46 55 34 49 51 62 40 42 49 48 39 44 48 52 65 52 52 47 49 39 44 55 38 51 47 59 47 56 71 79 39 65 44 47 73 46 46 54 42 62 55 57 46 53 48 19 51 57 57 55 47 48 62 54 48 64 48 46 59 30 53 40 49 57 39 55 54 53 40 50 41 61 48 38 59 53 41 46 62 43 55 32 49 46 49 41 45 31 58 45 54 71 52 56 55 40 38 52 50 44 32 45 44 55 34 50 61 45 62 27 65 38 49 41 63 47 51 59 62 36 57 50 44 56 52 57 58 44 50 47 46 40 60 48 53 53 50 52 50 67 45 53 56 54 64 57 54 56 48 65 56 37 50 49 49 41 41 37 57 37 60 61 26 45 57 39 39 65 32 62 66 57 
49 63 52 43 55 50 68 52 52 41 40 69 49 45 54 44 48 47 66 56 55 52 50 46 63 59 49 30 57 58 67 46 54 52 50 41 59 62 46 50 43 39 46 50 31 45 55 49 48 54 40 56 47 46 49 66 54 71 62 50 65 44 49 67 48 52 60 45 47 48 57 59 36 61 41 57 55 45 42 48 66 54 35 48 32 53 53 48 60 46 73 57 47 46 42 57 35 44 52 35 48 61 48 54 42 41 43 41 54 52 27 58 55 69 50 44 52 52 34 52 40 37 43 50 51 59 39 48 40 44 62 51 64 41 50 39 61 60 37 54 47 56 44 53 43 57 36 48 48 58 33 41 41 49 45 51 57 49 47 41 56 39 41 72 55 60 50 57 67 50 41 36 50 41 33 43 43 44 43 56 70 50 73 54 34 26 36 35 39 47 54 50 54 58 42 46 39 52 66 50 
55 49 47 50 47 60 44 50 23 60 43 61 53 61 38 60 59 44 65 52 41 59 55 62 62 43 38 50 49 51 50 57 35 42 51 46 47 55 50 54 59 41 23 53 64 34 48 51 55 42 49 42 49 47 62 36 63 32 24 46 45 50 54 48 66 63 43 75 61 42 61 46 65 61 57 51 46 50 44 59 30 49 62 34 31 48 44 56 52 42 61 50 52 42 42 43 41 63 46 41 38 50 48 41 55 56 37 47 49 52 54 60 36 55 48 55 52 46 40 62 45 47 50 51 51 43 35 35 50 50 48 53 50 41 46 61 53 55 41 40 52 53 54 39 46 53 32 46 78 50 57 46 48 44 41 56 51 44 45 52 53 33 35 59 49 46 53 61 59 44 60 36 50 38 40 36 65 49 30 62 41 64 45 58 40 45 41 48 34 50 49 53 59 55 44 50 44 48 43 41 
34 68 40 55 50 42 27 58 58 45 51 42 41 48 47 31 41 39 53 59 61 50 48 68 45 46 68 46 45 52 60 53 51 65 42 70 54 52 45 57 44 55 56 56 62 26 63 57 34 58 59 52 52 50 51 58 42 43 51 50 61 44 34 54 50 50 50 53 55 52 36 50 51 58 54 49 45 50 46 36 48 73 43 53 52 45 36 50 35 43 55 59 64 42 43 59 52 59 50 38 35 56 55 58 73 47 57 56 47 37 56 48 44 44 49 42 45 48 49 53 48 56 46 60 51 40 29 49 46 41 50 42 49 50 49 46 62 39 43 71 55 55 31 45 50 37 37 37 68 65 62 39 56 47 46 44 34 57 47 49 48 46 59 43 38 52 53 45 50 61 58 50 43 54 61 44 51 47 48 35 44 56 45 55 50 52 32 40 24 46 51 51 37 44 62 47 61 44 42 58 
48 50 32 65 39 49 53 58 49 38 51 47 51 47 50 51 42 65 46 54 49 54 81 64 57 60 59 54 61 42 58 52 52 52 59 41 58 52 49 64 50 57 41 42 42 53 69 55 54 34 56 36 61 37 43 39 57 50 47 37 75 43 47 59 53 45 47 36 51 59 52 44 54 52 30 68 62 43 43 53 44 48 42 52 76 47 61 65 52 44 42 62 54 41 50 43 40 56 51 46 58 42 64 43 58 50 52 38 52 65 53 40 29 45 35 69 38 43 61 52 50 70 57 28 56 38 58 42 50 50 59 43 48 35 31 52 69 55 33 57 30 32 50 58 55 45 62 58 52 60 56 51 47 65 52 54 54 45 38 41 55 55 55 50 48 58 49 49 37 46 50 41 53 65 53 51 34 30 47 57 50 54 36 54 36 55 54 26 52 29 49 43 39 45 34 56 44 49 51 51 
57 54 57 50 48 52 62 46 45 62 54 56 45 33 62 50 43 56 50 41 52 52 53 46 62 49 71 40 46 55 51 52 38 41 64 38 46 50 53 59 38 60 31 52 65 36 51 55 29 66 62 32 53 60 61 53 43 60 38 50 50 50 41 38 42 38 32 44 49 53 66 49 58 28 55 53 63 43 48 54 50 49 51 48 73 67 47 53 52 45 62 39 59 57 62 58 39 54 39 75 41 52 56 56 62 41 64 49 58 58 57 41 56 47 54 30 45 46 59 63 40 51 26 63 54 50 41 42 41 53 62 62 50 55 49 44 57 50 39 52 46 66 45 57 53 51 57 63 48 58 37 50 52 50 63 51 39 68 32 28 46 56 56 46 49 42 50 51 53 46 41 56 46 52 48 48 61 42 34 62 57 46 47 46 48 42 56 44 53 50 69 15 46 46 46 47 50 51 46 31 
46 39 53 67 60 55 53 56 59 39 31 41 50 35 43 30 47 48 50 58 43 74 41 47 50 54 47 59 21 50 63 57 62 40 52 57 45 45 27 54 50 44 40 41 59 56 67 50 52 50 46 32 35 29 46 43 35 51 52 37 54 37 57 61 67 56 63 65 43 52 46 52 48 44 50 32 48 49 49 42 61 58 46 46 42 55 55 49 52 42 47 60 35 41 69 53 36 49 48 60 51 56 44 47 56 42 37 54 70 63 50 51 35 45 44 39 56 35 41 39 46 33 54 33 42 39 46 52 51 51 56 47 53 49 69 45 49 51 61 39 44 39 44 32 36 57 58 59 56 55 42 49 40 64 56 36 54 52 54 53 38 40 48 46 27 52 58 49 54 54 36 53 55 64 54 34 65 45 47 59 54 62 58 37 75 50 53 47 49 32 61 77 45 52 63 59 58 50 52 39 
495 495 494 499 504 511 503 496 500 495 501 497 487 499 497 488 492 497 501 491 
