20 200
66 54 60 48 40 54 55 59 61 56 61 64 67 55 37 58 40 50 55 37 55 38 63 42 41 60 52 40 53 38 67 48 80 48 55 30 35 45 68 51 68 55 50 66 40 67 57 37 51 31 22 48 44 65 49 76 50 37 41 33 48 28 81 31 59 66 63 42 78 83 55 44 60 45 34 37 29 40 44 64 34 68 55 62 61 43 53 32 61 32 33 59 43 54 58 69 47 51 51 77 31 61 37 47 72 58 57 59 46 67 55 47 49 32 51 52 44 69 45 62 50 53 50 36 67 59 46 62 45 20 58 82 63 48 57 50 54 52 62 67 47 40 51 22 53 37 48 79 51 34 47 32 44 66 57 62 38 54 65 41 37 65 61 35 48 72 36 46 55 45 50 39 72 52 54 26 14 45 33 46 65 69 55 43 37 52 59 61 59 40 46 58 67 76 68 50 52 28 46 61 
49 67 41 45 40 89 34 51 60 52 35 43 20 47 25 49 71 20 32 57 66 63 18 48 41 57 41 39 46 36 41 51 47 67 47 76 49 45 63 43 60 48 48 60 54 44 61 51 29 50 63 29 52 52 57 65 54 36 31 48 27 66 87 79 34 34 48 59 63 59 43 52 35 63 66 85 54 54 43 53 60 45 41 61 30 52 59 40 73 20 69 60 61 32 51 44 54 48 27 54 9 48 70 74 28 59 38 48 64 44 57 31 49 40 60 16 50 51 53 75 39 44 62 55 50 44 41 47 39 40 36 51 52 50 36 50 57 59 32 46 75 45 47 41 42 40 27 81 70 51 51 33 55 24 37 51 35 64 69 57 73 56 45 67 56 48 25 72 49 39 44 83 58 46 60 73 58 64 34 70 36 46 61 34 28 44 44 66 32 59 57 64 65 21 59 59 39 64 30 49 
36 28 35 49 56 57 52 37 35 43 64 52 69 67 64 60 50 58 49 18 61 36 61 37 63 49 32 60 64 56 46 57 69 46 55 42 55 65 72 38 57 59 68 66 53 35 43 39 43 27 33 35 45 46 55 55 26 69 65 41 55 63 58 73 58 53 56 32 60 37 69 42 27 59 50 60 50 27 35 51 26 34 79 51 53 39 52 57 52 47 62 42 44 47 63 50 55 55 58 57 36 35 51 37 55 46 47 47 70 47 66 60 64 56 59 42 36 38 49 59 38 63 62 52 48 52 28 47 78 39 54 67 50 49 48 65 46 13 43 54 60 57 30 54 57 44 52 23 63 57 39 60 49 50 41 52 42 63 30 41 50 43 73 45 55 54 54 50 42 52 62 8 70 37 47 46 46 24 46 48 61 57 46 37 56 41 52 52 45 59 46 36 44 78 53 42 54 33 65 66 
54 47 67 60 46 62 63 36 62 51 36 59 47 67 55 46 54 51 65 54 39 58 36 42 64 44 65 39 30 31 57 58 59 40 61 41 35 41 53 51 59 39 34 50 54 71 66 38 53 63 57 62 52 60 36 49 41 73 64 36 52 46 64 42 36 47 47 39 23 65 65 61 48 34 39 30 41 45 74 45 43 62 53 55 44 57 34 42 55 47 64 42 51 42 63 82 42 25 39 60 66 51 78 46 40 35 33 62 56 40 63 48 53 38 49 68 47 65 63 46 46 31 61 47 35 74 34 39 52 60 30 38 56 35 84 45 45 50 44 51 45 61 39 72 58 50 63 64 66 41 43 77 39 38 28 30 69 49 54 65 50 52 69 43 48 45 62 62 67 40 29 63 51 53 66 28 37 54 64 58 49 70 56 22 61 71 73 13 53 53 41 57 63 37 71 56 67 65 28 63 
54 50 67 52 34 66 13 38 63 34 44 53 49 60 40 44 33 71 30 35 59 30 37 56 42 42 28 41 33 33 58 57 60 52 50 52 60 39 69 63 39 53 49 39 50 50 48 55 63 56 55 72 38 45 49 58 58 66 53 55 63 41 50 43 62 72 48 51 48 64 54 39 61 55 69 70 44 64 46 43 54 42 41 43 68 56 76 64 57 51 56 48 33 47 71 45 71 35 63 57 64 80 36 58 49 47 68 26 64 53 78 32 57 62 57 50 32 52 43 43 42 49 59 28 41 43 51 38 38 45 56 67 76 45 57 33 35 69 28 56 45 45 41 55 49 56 50 67 46 56 64 48 30 31 68 42 73 77 49 23 46 63 51 60 52 36 65 47 37 37 57 62 56 64 40 46 43 38 51 39 45 75 46 48 64 57 9 51 76 28 64 56 78 66 58 47 55 29 37 64 
60 54 54 29 70 40 56 30 56 70 97 51 50 53 54 63 52 43 52 58 55 55 40 26 69 51 41 51 30 38 32 28 52 67 77 56 24 37 43 61 41 49 60 53 49 69 42 52 48 56 57 54 70 38 51 47 58 50 69 52 41 35 59 51 25 30 34 57 52 33 56 60 31 54 54 67 40 33 38 41 68 70 24 42 60 46 63 33 35 67 28 45 52 56 55 43 41 57 47 49 60 59 45 64 47 51 72 61 55 67 59 60 46 42 35 69 53 72 40 62 41 52 58 53 21 52 54 48 26 75 69 67 74 58 48 52 61 34 49 61 47 52 64 34 65 39 51 47 63 39 60 52 49 37 62 63 31 31 71 51 26 48 77 48 79 41 50 36 54 38 62 41 50 74 58 13 43 64 57 47 35 54 96 57 67 62 54 68 48 67 56 40 65 29 50 56 54 48 61 48 
47 59 44 47 81 76 38 39 83 17 72 46 66 66 67 35 52 73 57 58 54 48 27 52 31 36 56 67 43 37 66 39 44 45 64 19 62 55 47 35 35 52 55 59 44 73 49 41 48 60 48 66 77 46 41 32 52 25 35 50 35 63 45 60 34 70 35 48 61 55 39 36 29 46 55 40 57 46 74 45 51 47 58 54 43 63 58 62 23 36 63 57 48 43 71 57 56 51 49 65 46 55 50 50 36 55 66 74 58 57 42 38 53 35 55 61 34 43 39 46 28 46 77 31 36 32 52 54 58 39 52 33 50 85 45 46 12 41 53 61 37 25 51 52 29 25 56 25 61 46 40 43 36 50 23 44 39 76 33 79 44 59 30 52 47 57 38 51 40 33 60 43 57 40 70 48 67 37 66 55 56 57 65 36 72 66 49 56 40 56 63 52 52 26 43 60 66 78 50 40 
68 42 36 33 54 60 63 61 45 63 52 47 44 32 40 53 57 48 51 44 83 34 52 64 49 38 43 76 69 60 39 36 61 54 60 26 53 62 54 64 42 38 54 57 57 56 53 66 50 49 10 62 52 43 28 57 34 57 51 61 69 52 46 87 65 36 72 62 43 67 62 45 46 46 84 49 63 65 43 56 46 56 51 59 65 64 62 62 54 55 40 42 64 34 41 59 45 38 57 54 41 83 46 42 61 27 65 43 59 36 77 24 36 73 57 32 48 48 80 62 61 50 67 21 66 72 76 45 44 64 47 64 75 52 60 57 46 46 67 58 41 57 50 58 77 53 39 57 57 49 57 55 57 59 48 68 43 66 64 76 68 38 60 45 38 61 42 40 47 55 64 40 49 49 57 66 44 68 73 59 32 62 37 52 67 30 47 44 70 68 52 50 56 45 38 33 56 48 63 48 
68 54 46 60 55 58 33 72 56 48 50 80 79 25 51 56 51 33 62 37 55 58 54 64 62 61 44 45 69 47 56 64 54 50 23 32 48 50 62 35 62 49 63 56 52 68 35 35 47 55 49 56 58 49 62 25 49 42 73 35 51 38 32 46 70 58 32 58 55 57 46 29 71 51 27 50 46 28 61 59 76 55 41 49 50 61 69 41 40 58 51 44 57 43 55 45 51 53 64 59 34 49 46 27 59 39 35 74 65 63 77 61 44 53 46 71 65 22 15 50 62 52 33 53 44 46 53 43 52 46 52 45 58 42 65 46 23 26 65 49 49 45 19 50 24 29 54 34 55 31 82 60 43 65 33 33 39 45 38 76 40 74 74 52 50 54 57 68 52 43 53 65 71 46 67 54 41 39 75 48 69 27 52 58 26 55 74 57 40 60 34 60 46 40 57 33 45 45 44 68 
47 41 78 64 73 46 60 43 27 47 49 70 34 40 73 48 61 67 57 36 47 42 68 38 47 42 25 46 68 59 62 44 38 33 55 44 65 47 42 60 55 64 54 49 57 20 27 58 49 43 79 50 47 47 54 45 41 29 52 61 61 44 46 35 74 40 60 60 71 55 68 60 47 50 45 45 29 87 43 40 63 25 52 47 25 57 53 35 57 53 57 60 52 20 48 68 35 64 38 51 61 47 56 20 45 27 59 40 38 68 51 52 32 62 60 69 59 23 56 55 50 16 66 36 42 66 42 51 64 28 26 72 67 51 72 34 47 36 47 51 43 60 46 45 39 46 54 42 45 58 73 48 43 33 51 57 43 51 43 75 63 64 76 56 60 53 71 65 64 75 47 28 66 44 32 38 50 24 45 46 53 52 62 64 47 38 22 44 79 45 19 39 59 59 75 62 68 54 49 18 
41 40 74 51 41 48 59 83 49 71 49 52 64 51 72 40 34 36 50 31 38 20 70 42 58 35 66 51 37 63 49 40 63 45 59 40 48 53 55 64 42 39 47 50 73 50 70 56 28 44 67 59 71 64 69 70 45 54 37 48 54 28 49 23 51 81 37 38 71 43 61 38 51 54 46 58 60 59 60 50 44 39 54 59 34 60 42 62 52 44 58 48 65 48 40 47 49 60 47 55 20 60 45 53 63 71 63 49 40 35 56 29 59 68 43 51 65 66 35 46 51 52 50 64 55 51 43 61 63 49 55 22 48 19 77 64 65 34 23 35 48 64 69 57 38 28 39 33 35 49 74 63 46 43 46 38 68 43 58 23 58 85 53 60 73 59 38 65 64 53 59 46 34 53 65 53 41 57 67 61 56 46 10 64 49 53 83 39 44 67 60 36 51 50 41 28 46 44 29 23 
68 47 35 45 47 23 65 89 51 37 73 62 39 49 45 53 38 58 45 43 63 37 60 76 52 55 75 32 52 38 76 20 44 49 64 51 66 69 34 43 47 58 50 54 64 44 49 43 59 66 30 50 65 49 61 39 56 58 54 38 40 46 36 79 37 30 46 65 65 45 42 38 57 2 32 14 52 57 64 43 50 48 36 50 59 62 32 36 51 55 45 72 56 57 68 60 66 49 58 27 40 52 39 43 62 58 85 49 43 58 47 43 33 62 44 44 68 47 54 79 48 41 72 64 58 74 70 45 52 48 36 38 31 52 36 58 29 57 66 51 51 54 33 57 50 50 55 40 52 46 41 50 47 58 63 74 58 46 78 42 42 47 50 51 60 38 53 62 50 62 51 32 78 49 50 57 57 67 43 49 77 58 43 64 46 25 80 49 54 45 25 36 61 52 75 18 66 86 69 42 
57 44 58 50 53 59 28 61 48 37 69 50 62 60 53 29 51 8 20 66 36 23 59 58 34 45 56 67 40 49 38 50 65 86 55 35 40 67 52 47 43 38 55 51 47 48 45 59 48 77 60 68 40 59 42 65 47 59 65 48 66 38 45 43 72 60 76 46 49 33 57 21 37 41 49 72 41 38 58 57 59 49 36 70 43 59 48 48 64 64 47 27 43 64 54 47 60 43 49 60 47 69 75 58 65 40 41 74 53 34 45 48 46 71 39 82 57 47 51 53 38 57 55 62 40 55 84 30 62 57 56 58 47 45 49 36 49 34 52 71 59 61 27 51 51 51 54 69 58 62 41 47 56 64 39 44 33 55 39 68 30 44 57 43 40 52 66 46 71 40 62 55 55 64 55 57 63 29 50 64 55 49 65 55 44 66 20 62 47 61 57 36 51 50 51 72 33 52 65 55 
61 40 72 40 28 64 58 30 46 23 51 41 58 57 39 36 23 44 35 59 39 38 52 32 71 57 63 57 50 52 80 38 62 37 57 46 44 58 57 43 63 46 64 58 56 40 66 23 39 28 49 65 75 36 23 59 37 32 58 53 57 37 56 34 50 53 50 52 47 31 62 67 31 71 56 57 40 50 64 51 40 56 67 66 55 41 54 55 43 51 44 37 39 52 57 59 40 38 53 80 48 43 67 41 38 51 53 38 39 57 71 68 66 47 50 63 80 22 46 46 41 61 35 30 34 32 48 66 34 36 64 62 39 72 50 44 52 36 41 38 34 37 18 51 34 43 37 55 54 52 40 57 51 75 37 60 75 53 49 58 27 47 47 50 70 49 33 49 63 33 50 47 49 40 34 21 59 38 66 69 46 80 64 61 49 64 51 58 52 51 46 67 53 71 66 52 53 62 68 42 
41 56 49 55 56 50 17 60 58 55 78 51 58 52 45 58 44 65 62 54 69 54 44 56 59 52 28 31 68 44 42 85 54 46 31 74 68 51 38 70 53 50 30 64 19 65 25 34 41 60 41 35 66 58 46 52 59 68 48 47 33 53 63 48 43 32 37 49 65 48 47 39 33 50 85 49 44 57 64 60 39 64 54 68 61 59 57 49 50 61 61 74 56 68 54 50 26 50 34 60 63 53 33 49 69 41 34 57 53 50 54 66 35 48 51 39 61 52 40 54 37 50 34 65 63 42 43 35 76 35 52 38 43 55 52 57 49 48 38 44 34 48 45 55 53 48 22 76 63 34 59 53 55 69 55 49 50 15 46 47 44 71 54 64 51 60 47 72 42 24 65 38 45 44 52 53 64 43 56 49 50 39 42 48 55 67 43 50 44 35 64 45 47 37 36 36 52 56 38 45 
65 60 40 47 49 43 36 37 46 53 55 60 43 61 76 67 66 46 62 76 55 52 50 44 22 51 60 32 56 46 58 54 55 35 46 42 47 58 41 72 44 60 35 67 56 48 53 51 53 54 51 61 38 48 40 40 83 48 22 49 57 63 36 24 34 64 38 44 45 56 31 41 44 55 27 39 37 56 55 74 41 52 52 40 70 14 26 47 47 60 42 31 47 55 47 62 32 44 52 30 43 42 37 44 53 34 29 70 37 60 34 67 44 27 50 69 50 67 36 70 66 60 41 52 55 66 46 50 53 47 30 39 67 62 57 63 47 54 43 55 57 42 30 34 46 38 58 57 46 54 44 50 77 47 51 58 63 30 44 50 52 71 100 88 57 48 55 58 36 74 66 51 41 54 35 58 77 36 54 60 47 50 51 76 51 48 59 52 52 63 62 43 47 41 59 57 38 36 39 44 
46 80 50 68 59 15 70 39 30 58 31 35 23 72 48 40 58 50 51 55 54 45 46 59 83 65 44 49 33 55 65 66 75 44 52 59 59 83 87 40 33 57 60 57 36 88 36 58 69 59 45 56 74 30 53 43 57 40 69 43 39 42 56 25 70 48 40 59 52 38 43 58 58 45 45 33 51 79 52 50 39 68 49 34 60 27 32 62 55 61 48 46 55 58 64 53 51 72 30 59 64 44 35 72 51 44 43 61 45 45 42 49 37 74 58 47 20 51 40 59 47 34 53 67 56 38 43 61 59 63 40 64 35 65 48 38 69 43 72 62 34 71 46 63 56 55 52 62 54 45 60 40 69 55 69 62 15 26 54 45 46 58 56 62 36 61 47 58 36 40 56 74 48 34 30 46 37 58 55 40 54 42 44 47 32 70 34 54 26 42 43 53 61 59 45 36 54 59 61 33 
29 45 39 69 40 61 62 39 40 38 60 50 61 47 37 43 36 66 58 31 81 17 69 56 36 59 54 57 68 41 55 69 63 30 45 28 36 37 55 62 43 35 80 52 87 45 64 47 74 64 27 47 64 28 34 63 67 27 47 33 54 58 42 67 66 64 39 30 69 35 60 71 68 53 72 64 58 73 42 59 41 56 48 53 62 41 50 88 39 68 28 60 54 63 75 69 67 36 32 62 83 63 56 67 49 63 77 30 41 46 47 52 34 46 38 39 43 62 59 90 82 66 68 39 42 46 42 71 45 49 39 78 40 39 53 24 60 48 40 50 31 65 34 49 85 59 47 54 50 59 50 38 37 30 73 48 21 88 55 47 47 73 35 37 58 39 56 52 62 49 54 73 49 32 34 50 73 44 46 34 57 48 43 44 30 73 47 33 48 59 42 35 51 74 73 100 52 53 33 38 
46 30 68 56 69 26 47 23 56 35 72 36 55 55 35 68 52 65 48 63 48 37 79 30 39 17 27 42 65 68 64 32 72 42 57 35 37 64 33 59 50 45 43 29 59 54 55 57 50 42 64 61 41 43 66 54 50 53 55 52 54 56 72 47 45 61 67 55 40 60 71 61 37 56 52 45 35 59 34 71 58 38 50 45 49 40 36 64 83 56 35 40 46 37 51 50 74 54 34 81 39 66 48 79 60 59 46 54 54 50 58 40 45 53 66 65 61 38 49 53 12 49 46 50 81 40 60 35 40 44 63 60 41 38 44 41 29 42 20 37 46 80 47 54 56 53 63 51 54 50 54 33 55 60 48 94 62 58 45 27 44 76 47 53 28 57 75 71 42 59 46 55 23 52 58 54 69 57 35 56 46 70 45 48 45 36 25 23 70 49 45 61 60 40 43 61 41 68 8 37 
42 20 72 53 56 59 51 60 69 54 40 37 46 50 19 56 10 45 57 40 42 20 50 57 51 39 41 37 49 56 53 51 38 49 38 37 33 56 55 60 21 65 76 59 61 73 54 61 55 62 26 59 60 58 53 46 52 58 73 63 35 65 58 46 37 55 46 45 46 44 39 36 71 57 50 69 53 57 25 50 55 38 45 62 26 68 48 57 40 42 40 43 91 53 58 61 43 73 51 47 43 32 37 67 49 51 52 55 38 48 42 56 59 37 62 63 45 55 57 51 71 62 41 36 37 41 60 38 60 68 89 60 63 71 41 75 61 54 38 13 33 40 63 35 50 66 38 57 77 68 47 71 60 43 78 42 33 41 46 53 52 54 72 70 71 51 37 47 20 42 43 59 60 32 77 62 17 53 59 43 59 36 43 47 51 86 47 49 53 49 41 71 49 52 26 37 56 59 42 43 
37 45 41 43 47 53 53 50 58 48 35 50 44 56 52 47 52 59 39 62 46 53 55 36 60 40 54 71 55 63 50 57 41 51 51 68 71 53 41 58 43 61 46 42 64 47 44 37 47 63 70 52 54 41 40 30 48 66 54 65 49 55 36 59 49 51 34 61 25 30 37 55 52 62 72 44 69 51 48 46 46 44 52 42 41 54 49 57 37 61 53 42 48 50 54 43 52 50 35 38 51 34 63 54 45 39 52 44 65 29 51 39 48 62 56 48 59 43 59 50 45 55 60 50 39 53 50 51 55 56 48 44 48 50 44 45 42 59 36 50 48 61 50 60 48 60 36 50 56 55 48 44 60 43 50 42 63 50 39 58 68 50 46 41 47 43 61 51 50 50 50 57 45 63 46 67 56 57 63 65 36 45 46 58 49 40 41 44 37 61 50 56 45 27 36 32 41 60 63 38 
50 34 59 48 62 15 66 51 45 40 57 61 64 52 63 54 56 71 67 52 35 48 65 44 55 41 53 55 50 42 59 53 54 52 44 41 58 56 41 48 38 52 49 50 53 41 45 57 60 50 53 62 49 40 41 42 47 50 74 46 64 39 31 34 52 60 62 43 30 38 56 71 54 45 49 36 56 39 58 50 45 47 50 46 58 62 43 64 27 66 33 47 41 60 50 51 54 61 55 50 70 46 53 38 66 49 56 49 50 69 59 58 55 48 46 56 57 48 48 25 50 54 52 38 50 43 69 48 47 58 54 44 47 52 56 51 43 51 61 48 33 50 58 52 53 57 66 41 50 48 50 47 43 52 47 51 70 42 28 47 32 50 64 44 46 50 66 28 47 54 54 43 44 51 44 34 49 42 62 42 59 59 34 63 57 40 45 34 50 45 39 43 35 61 50 32 62 37 66 50 
63 53 60 54 54 47 48 53 69 45 49 51 38 33 49 57 45 43 60 72 41 49 48 56 50 60 56 50 52 48 46 33 44 47 50 45 50 40 41 62 41 45 44 32 54 58 50 62 61 62 51 49 49 57 57 48 61 42 40 64 45 53 46 31 39 49 35 46 45 58 53 48 58 51 56 44 51 55 60 50 60 56 42 52 55 60 53 50 49 54 49 43 56 50 48 52 56 38 50 49 59 67 49 73 51 34 66 56 48 57 38 50 33 54 50 61 52 60 54 44 45 37 49 51 55 45 63 56 32 51 47 39 50 50 48 32 56 64 51 54 50 47 61 38 43 66 55 56 50 44 54 40 59 50 56 44 60 50 50 55 41 43 38 57 50 37 40 53 60 54 43 71 49 64 48 41 45 70 68 70 31 43 60 49 50 53 53 40 60 41 54 62 53 49 47 56 47 62 41 44 
42 38 37 59 46 37 49 59 36 48 62 26 52 42 57 53 51 49 42 55 62 47 39 64 39 50 56 53 57 52 41 48 45 53 57 61 62 47 40 49 56 61 57 50 49 43 52 47 54 42 60 45 41 55 63 54 47 32 39 48 49 54 50 57 57 50 52 43 56 41 47 38 56 68 65 55 55 49 41 45 50 52 47 42 61 51 63 47 45 43 40 66 57 41 45 44 49 70 60 36 41 62 48 55 50 53 52 47 44 57 49 54 60 49 52 44 55 42 41 56 58 59 34 55 47 36 53 52 50 46 49 44 51 50 33 47 67 47 57 41 62 46 45 44 52 66 41 41 53 60 58 42 58 60 56 60 48 44 53 44 61 56 52 48 58 40 57 52 51 61 50 44 57 55 41 55 55 45 41 45 47 39 54 71 46 39 41 65 59 47 55 39 38 56 34 49 47 55 70 48 
50 45 47 47 50 50 71 48 51 54 56 48 54 38 50 50 47 46 73 48 51 67 69 66 50 50 64 49 71 57 33 46 46 42 38 54 41 62 31 39 51 42 64 50 60 49 65 36 44 44 54 41 54 50 54 40 45 46 50 42 50 58 44 52 50 48 44 50 42 45 59 58 41 60 32 41 58 36 45 62 56 49 47 58 49 41 44 35 44 51 61 57 51 47 54 48 25 65 53 59 26 27 55 43 49 48 40 58 52 38 42 54 46 41 42 56 50 50 63 42 45 50 48 57 56 54 43 50 63 49 45 42 29 52 53 58 71 36 65 44 60 56 60 56 54 40 49 28 58 44 47 53 60 54 43 44 33 33 52 58 60 44 50 42 56 54 39 46 62 47 38 57 49 50 50 50 51 68 42 61 59 37 47 49 49 47 63 42 40 67 43 53 41 31 41 54 46 62 51 30 
45 53 53 76 31 55 46 61 45 50 26 43 57 61 57 33 48 59 54 41 45 46 61 67 34 56 49 48 50 72 63 53 58 39 36 55 54 57 53 41 55 46 29 48 35 38 58 44 53 48 44 50 44 66 67 48 49 46 44 61 54 66 41 50 76 49 68 42 46 68 37 39 68 39 46 50 58 45 54 55 29 38 61 67 38 48 58 50 55 41 67 55 56 44 45 62 50 51 43 55 50 53 53 42 46 47 33 59 51 39 58 38 52 52 55 39 47 51 54 45 61 49 50 57 75 53 47 50 65 35 57 35 42 49 40 47 50 75 60 45 57 40 49 58 39 62 36 62 52 64 46 61 42 64 46 36 66 68 34 50 58 48 28 50 22 58 45 60 46 50 48 58 56 35 46 70 52 44 36 45 60 53 33 55 43 41 43 44 67 49 50 52 43 61 48 58 49 60 39 53 
48 65 50 53 20 47 62 60 20 65 52 59 48 39 50 63 46 34 44 43 56 54 60 51 60 64 53 39 50 49 35 66 40 59 33 64 39 47 66 53 66 64 49 48 54 37 39 61 47 46 57 41 32 50 54 58 50 55 58 48 47 39 57 31 51 43 69 42 36 53 63 60 64 57 44 62 42 42 27 48 46 49 52 48 55 45 40 54 65 48 40 55 52 51 36 48 41 38 51 36 50 50 62 45 61 57 44 35 52 56 62 54 49 60 49 40 63 63 50 66 68 64 27 65 59 53 57 47 49 55 50 59 39 39 52 47 62 60 46 42 58 59 50 62 51 58 39 52 45 48 65 50 61 46 54 48 47 31 49 32 53 45 61 51 52 29 60 42 70 54 35 61 41 57 46 54 38 36 48 46 50 45 34 76 44 48 47 48 61 42 45 50 49 63 45 38 39 47 48 39 
39 49 61 64 42 44 43 42 63 50 49 49 46 54 55 37 49 53 50 57 30 65 52 41 44 45 51 32 40 46 64 59 45 46 50 66 47 54 47 37 59 49 48 46 40 42 42 36 56 52 71 47 57 55 49 45 61 45 38 40 51 57 56 33 34 59 27 40 48 42 41 64 57 49 46 58 37 40 49 51 54 38 41 46 45 36 39 42 47 46 46 62 49 68 61 42 48 43 40 49 61 33 46 49 50 74 40 62 50 57 50 77 65 37 49 59 51 53 36 47 40 56 48 64 51 32 30 56 59 37 45 38 35 39 45 53 48 47 45 46 49 51 51 44 47 47 64 44 30 39 60 55 43 48 52 51 50 35 37 30 48 56 60 50 51 57 51 48 45 50 42 67 52 54 60 31 61 42 43 37 57 39 56 49 36 69 46 49 28 35 57 53 42 61 62 49 38 59 46 63 
33 57 50 44 37 45 50 39 43 53 56 34 29 55 48 53 66 62 45 67 54 50 56 47 40 49 53 48 40 51 46 41 46 57 70 57 58 55 49 56 50 50 37 48 51 39 50 60 54 44 53 57 50 44 38 77 50 64 27 65 51 61 59 50 40 33 64 54 57 51 50 51 42 50 67 52 60 61 45 55 39 54 54 58 54 51 42 49 67 41 42 58 44 49 49 54 55 52 50 38 67 48 55 61 45 62 52 45 43 47 47 43 51 48 55 44 40 68 69 44 50 52 58 41 55 58 40 68 44 44 58 58 40 51 41 56 62 50 36 50 33 56 66 62 63 67 38 78 47 52 25 43 50 52 65 60 61 57 51 46 50 33 30 49 48 49 32 26 49 54 36 46 48 54 34 57 49 62 40 50 41 67 57 41 58 45 40 45 60 41 55 56 51 48 52 60 69 50 53 37 
63 60 30 41 31 63 42 57 59 59 48 44 66 61 49 50 50 47 56 50 53 52 35 54 58 67 66 65 35 50 48 54 58 72 46 47 36 54 58 44 57 52 64 44 48 61 72 39 50 45 31 45 49 63 33 50 56 79 61 57 37 57 53 57 46 60 41 50 53 44 52 50 41 60 51 53 40 19 61 61 59 54 51 62 53 55 40 53 41 65 50 37 46 67 60 42 49 47 50 46 54 63 53 62 52 63 40 60 46 37 50 52 53 45 46 49 55 59 45 47 47 70 38 50 65 45 51 50 45 62 63 39 42 47 32 61 53 67 64 37 55 61 57 50 66 55 37 60 50 40 42 54 56 64 40 50 45 58 55 33 51 38 33 52 62 43 39 44 54 44 50 54 31 37 72 55 50 70 54 54 50 47 51 40 57 50 58 68 37 60 70 63 42 51 38 47 45 50 47 69 
55 59 33 57 60 56 51 25 56 51 44 48 42 45 44 61 50 57 54 63 39 63 40 59 44 54 37 50 55 39 54 60 44 54 42 53 57 53 39 37 50 46 42 49 39 39 32 35 55 50 38 50 42 42 47 31 56 47 64 45 50 59 51 68 47 35 61 63 37 48 44 62 47 52 56 47 50 42 50 43 52 59 53 53 67 43 50 36 49 48 52 50 38 49 46 51 39 66 30 45 62 43 45 50 53 32 40 52 51 63 45 61 44 39 58 51 44 43 55 55 54 45 64 39 49 39 55 38 49 58 50 63 50 76 34 42 46 54 58 56 43 38 42 50 63 61 56 57 64 54 39 52 54 52 55 46 43 61 35 55 51 13 41 58 32 47 61 36 41 49 27 55 67 59 44 40 58 48 41 48 47 59 73 41 52 48 37 48 47 47 39 52 45 58 67 68 60 52 63 60 
50 49 71 53 61 60 43 23 52 56 18 31 56 51 50 42 50 49 54 58 32 45 37 44 43 59 46 50 40 55 43 68 69 50 47 49 55 35 50 54 55 53 48 52 45 56 61 51 59 41 63 57 49 58 56 50 41 48 50 51 61 44 58 33 58 60 56 36 42 51 49 74 44 71 70 64 50 56 33 46 51 44 52 37 60 27 61 52 42 54 56 43 45 38 40 37 39 52 51 45 55 63 59 54 39 43 37 54 65 48 61 31 73 39 47 41 40 63 60 42 50 48 46 40 50 34 53 54 46 44 46 55 70 49 65 46 61 29 49 55 44 60 47 59 58 54 52 69 50 61 56 59 46 39 37 27 53 52 32 55 52 50 42 53 34 58 57 50 51 38 45 64 51 60 52 48 47 44 48 52 37 45 62 50 44 54 38 50 58 72 69 67 48 52 49 66 43 42 41 60 
49 69 43 51 58 40 59 46 63 56 47 47 50 57 50 59 44 59 71 44 66 57 44 43 38 66 44 48 44 54 61 47 31 38 53 62 46 47 41 45 45 69 54 59 50 53 53 46 43 49 47 40 56 59 47 36 43 52 36 37 53 54 50 57 26 58 32 56 52 62 53 62 43 56 53 50 48 59 44 51 47 56 51 38 52 36 53 52 39 45 41 56 67 43 48 32 47 44 66 57 49 37 26 36 40 61 50 45 55 58 62 53 49 29 58 36 44 59 56 47 66 46 40 55 55 47 30 64 39 61 43 55 40 60 45 54 52 48 47 46 53 61 54 50 52 50 41 32 42 36 60 55 39 37 52 58 56 49 52 35 68 55 44 52 57 54 42 52 50 51 50 57 50 54 60 51 50 62 36 41 42 63 52 58 51 50 66 39 50 29 42 52 45 50 43 40 58 59 49 49 
46 44 45 48 59 47 50 61 49 52 50 67 48 50 46 56 70 49 55 50 64 59 48 49 52 45 42 49 44 52 27 48 51 53 39 65 57 43 36 55 50 50 40 54 48 49 38 61 59 64 59 33 35 65 68 44 60 55 53 48 49 58 39 63 50 54 59 34 50 64 38 44 75 50 57 50 60 60 47 50 50 50 37 34 50 58 40 47 58 53 49 61 51 51 34 52 38 59 50 26 57 50 49 42 66 60 41 63 65 50 52 45 30 56 59 30 31 60 58 51 71 36 59 69 50 61 52 55 59 55 35 50 60 41 60 51 64 56 47 50 65 57 69 49 53 35 64 44 49 59 62 44 43 38 52 46 37 58 55 58 69 50 46 45 37 52 63 43 43 51 55 51 49 53 66 65 47 60 38 43 53 37 39 66 63 50 48 42 51 39 54 50 50 41 60 46 37 51 45 41 
64 56 50 50 63 50 78 41 50 35 34 46 42 49 49 37 60 45 50 46 39 53 50 48 40 54 66 59 50 57 50 41 59 64 60 39 36 56 60 37 45 51 59 45 64 41 54 50 56 51 62 55 47 47 59 53 57 53 50 47 61 54 51 47 45 62 61 54 43 56 59 46 64 50 33 56 57 43 43 40 51 49 60 34 44 37 55 62 51 45 52 38 45 33 49 45 62 60 61 37 41 51 62 52 38 47 55 49 46 59 46 45 58 48 38 57 49 53 67 52 52 51 64 36 46 63 55 59 48 60 54 61 49 38 50 46 56 49 59 56 50 50 52 46 47 44 66 35 40 65 50 46 53 55 36 57 55 69 41 53 42 44 49 37 58 47 45 33 56 62 42 52 45 61 48 50 50 51 53 51 42 62 59 47 38 46 51 41 48 53 42 52 61 57 49 68 40 55 38 48 
42 41 58 53 52 61 65 62 49 50 40 42 45 29 46 41 37 57 46 48 51 49 49 65 67 50 33 57 60 52 45 43 57 59 60 56 42 39 52 32 57 32 59 45 61 49 47 48 34 45 35 33 55 53 55 51 26 58 66 48 46 40 69 64 55 34 63 62 48 44 53 44 47 46 74 62 62 52 42 37 51 47 51 43 50 73 67 54 50 41 57 51 50 45 46 47 63 62 52 73 58 64 58 58 46 65 57 36 54 49 64 49 64 50 51 47 43 51 48 25 38 44 69 55 52 35 50 48 53 49 60 63 40 38 42 38 48 63 51 52 41 50 66 57 44 63 39 48 61 45 50 60 33 55 48 52 50 66 53 54 54 30 25 37 43 51 44 46 52 33 38 41 59 49 66 54 36 51 58 53 51 43 59 38 49 58 47 50 44 39 47 52 55 48 58 47 60 58 54 53 
49 33 48 28 43 53 30 47 57 51 55 59 66 41 50 54 41 56 40 50 58 57 72 41 49 37 65 50 69 52 30 40 39 50 67 53 51 31 24 50 71 58 36 43 49 37 40 40 54 61 51 47 50 56 40 69 50 57 36 35 60 50 45 56 53 58 47 42 52 56 68 54 42 44 63 62 47 24 49 50 69 34 43 60 40 69 44 50 48 43 53 65 50 51 40 50 46 47 60 47 52 45 58 50 50 61 58 42 53 55 60 54 42 30 48 52 66 58 59 48 50 59 52 36 51 52 50 42 45 44 52 46 64 47 51 69 50 58 39 61 57 35 49 50 59 58 48 52 65 53 59 59 53 47 37 42 61 56 59 47 51 44 58 58 49 42 52 47 53 51 53 43 52 60 73 53 61 45 45 56 47 50 54 53 66 52 67 47 63 60 42 41 39 48 55 69 47 45 42 62 
52 61 53 40 51 47 42 55 52 51 38 39 51 51 57 62 57 29 41 61 34 62 46 44 60 49 51 43 37 50 46 47 39 65 50 71 52 63 50 33 49 49 42 44 28 48 38 60 27 37 60 50 49 57 74 35 47 63 48 58 32 45 51 37 36 49 45 70 46 60 44 32 33 58 39 59 57 36 57 50 40 45 54 51 40 50 58 22 58 42 73 54 44 53 44 47 48 52 57 52 43 37 40 40 47 50 43 53 55 44 43 48 65 47 57 49 54 54 52 31 37 47 47 33 42 46 51 34 65 53 61 39 46 69 52 69 41 52 56 50 49 46 55 42 20 33 49 41 47 45 50 59 70 63 34 53 73 33 45 56 47 41 60 45 34 69 43 55 42 56 63 46 60 48 56 69 35 60 55 49 51 54 54 50 55 38 54 68 54 38 47 70 44 33 28 26 49 39 57 51 
71 63 46 48 42 69 44 59 50 60 46 51 30 45 59 39 50 51 58 51 48 60 37 54 58 70 60 55 48 42 40 65 39 50 39 55 59 42 65 40 50 53 48 64 56 45 50 52 60 50 48 39 59 69 43 47 51 53 50 47 46 52 50 54 50 40 43 43 50 39 34 55 58 45 43 50 56 52 60 50 55 35 51 56 56 54 61 42 22 37 58 50 60 51 53 56 45 51 71 38 51 55 49 47 56 50 45 32 47 62 51 55 49 32 44 49 42 41 46 52 64 55 55 54 32 56 45 61 61 66 46 42 43 64 46 59 65 49 62 68 49 41 47 48 57 53 47 67 47 61 54 68 30 54 45 35 59 42 56 71 56 43 53 45 52 54 31 49 54 50 56 50 62 44 43 50 38 50 50 44 48 51 37 48 57 64 64 74 40 52 55 48 54 60 61 49 58 40 85 49 
51 55 49 41 42 45 54 46 28 51 62 62 55 62 70 48 74 53 46 65 49 55 44 40 43 52 50 53 38 39 48 55 57 40 64 64 48 42 47 50 60 45 41 39 52 38 52 44 47 52 76 36 50 52 46 52 54 45 34 36 53 58 41 50 70 45 54 56 54 57 49 51 25 45 52 42 48 50 57 44 53 56 47 50 55 51 45 48 51 50 43 50 23 53 50 36 55 45 54 56 51 54 54 56 62 52 45 46 53 43 58 45 45 60 54 48 54 46 50 43 41 33 61 61 54 41 52 68 61 40 26 43 49 36 47 40 57 52 51 76 61 60 51 64 55 42 62 45 41 48 47 31 46 69 37 50 66 43 50 50 50 53 39 30 57 43 72 60 71 50 53 43 40 66 39 36 56 54 45 64 43 63 60 49 50 35 55 47 48 52 49 46 52 49 72 51 54 47 52 47 
498 499 506 501 494 503 499 485 504 513 493 501 496 508 505 502 507 488 510 501 
