20 200
55 55 46 59 71 57 63 56 33 35 37 46 49 22 35 54 43 40 59 63 36 61 56 35 64 36 37 61 48 53 85 36 49 43 47 37 52 52 49 68 59 50 51 54 29 43 33 66 32 59 52 44 76 58 51 38 25 66 52 34 41 56 48 66 74 47 37 53 66 84 51 43 50 45 69 41 56 24 30 51 53 41 50 29 34 50 47 16 71 50 65 60 58 42 57 56 21 59 39 36 50 48 64 46 62 70 48 58 42 76 52 66 71 54 65 33 57 57 50 45 41 58 32 37 61 56 45 49 35 89 69 66 32 51 71 47 62 48 56 56 58 23 30 61 42 41 53 52 49 74 48 48 68 48 53 56 67 46 59 50 75 58 45 51 60 62 70 23 50 44 65 60 59 29 70 47 63 60 46 43 56 57 44 47 62 52 48 58 53 70 38 66 39 56 48 28 38 75 40 47 
61 35 50 61 58 46 66 20 54 71 47 54 49 55 36 60 50 50 53 53 36 53 40 38 36 57 47 58 33 37 45 42 51 37 34 41 58 47 37 68 43 52 42 88 47 57 31 47 52 50 61 41 50 31 55 55 48 60 43 58 46 63 18 38 63 36 60 30 57 60 65 29 43 53 61 42 55 41 47 26 54 55 44 69 56 50 49 8 40 37 59 9 63 41 63 65 30 31 17 31 56 35 43 52 45 60 59 72 58 39 37 49 45 16 46 51 50 55 53 41 56 51 69 28 70 66 74 47 38 56 52 40 58 27 66 67 47 49 25 54 59 55 52 65 31 56 48 60 36 50 46 33 38 46 61 54 55 47 46 34 37 56 49 63 16 36 54 37 75 54 46 38 50 62 68 43 59 72 65 43 82 39 35 67 63 44 31 42 63 40 66 70 58 40 45 40 40 28 60 39 
44 58 60 28 37 52 66 36 45 53 63 52 64 65 52 35 63 37 57 50 32 62 54 47 42 32 58 55 54 47 52 19 66 34 54 49 44 85 55 58 54 45 41 77 62 50 43 49 29 42 44 45 68 61 50 38 38 36 21 62 54 39 45 67 63 49 44 55 42 35 45 49 59 51 60 43 41 58 84 41 30 50 33 42 39 54 62 30 61 62 53 53 71 48 47 28 56 54 46 63 54 72 68 19 30 52 46 67 45 58 54 25 59 59 59 41 47 41 62 61 34 50 75 62 38 69 66 43 33 39 41 49 52 62 37 43 71 53 54 40 58 51 32 56 38 66 58 29 57 51 31 70 73 35 42 51 43 40 46 54 45 35 46 47 68 26 45 55 65 40 38 56 48 85 62 51 45 38 49 35 65 68 53 22 36 37 55 50 51 34 31 65 66 59 40 82 31 47 61 67 
52 72 44 51 73 52 51 33 27 58 54 47 38 45 64 42 72 48 55 74 38 66 31 62 66 49 64 50 60 47 36 51 54 25 31 65 43 57 45 44 60 80 69 38 44 68 60 24 43 63 49 63 50 54 19 58 59 56 60 74 50 39 31 50 43 52 48 35 51 53 34 65 64 36 52 64 80 57 63 29 51 57 78 38 47 61 48 44 61 23 40 37 67 58 62 54 55 43 50 51 53 36 58 59 57 24 60 37 95 48 32 38 39 59 76 53 44 44 65 80 67 66 42 48 45 43 50 54 57 51 53 30 58 53 24 34 43 36 52 67 47 69 48 42 71 51 40 44 41 66 34 84 49 58 39 61 72 43 54 68 61 50 44 54 52 51 31 47 38 58 34 66 56 49 20 60 45 25 64 49 75 41 31 39 41 63 69 48 33 42 77 53 54 38 57 39 51 64 55 32 
28 53 49 64 71 58 67 52 60 54 45 47 35 60 43 49 44 83 53 64 52 44 52 53 46 57 65 65 54 55 35 40 51 58 76 59 43 52 66 48 39 77 51 65 43 4 44 62 84 51 73 43 29 43 47 65 48 70 57 59 75 41 34 50 32 59 46 67 63 81 53 59 51 38 46 63 46 59 51 43 53 50 79 68 53 70 62 73 55 61 65 62 58 47 52 46 46 53 52 67 53 63 74 60 30 23 67 70 60 17 67 34 42 30 74 51 47 64 45 46 24 40 44 59 36 57 56 62 38 60 46 64 64 54 48 59 31 55 51 48 54 42 37 46 48 37 47 54 38 51 56 59 32 52 49 62 31 49 67 54 26 55 56 51 59 33 49 47 71 51 51 27 73 17 45 33 82 54 37 43 56 71 46 53 54 51 52 43 37 57 66 28 62 73 76 37 59 48 71 96 
38 53 31 19 43 53 46 66 69 73 57 43 78 63 51 33 50 48 34 37 45 34 54 67 42 63 59 56 41 69 68 53 45 49 93 69 56 36 47 54 52 60 61 57 74 52 35 53 75 50 58 37 73 39 63 57 57 77 31 48 80 47 58 59 29 56 67 65 38 68 34 49 78 32 49 62 51 29 61 49 52 54 59 68 45 73 52 36 53 68 64 34 33 45 58 61 36 51 49 47 60 61 56 65 43 47 70 63 47 38 25 53 33 52 52 59 72 34 35 77 54 64 45 40 47 52 60 34 50 53 52 64 44 47 56 39 46 44 57 47 44 51 72 62 35 51 83 36 34 34 58 42 86 44 81 23 72 60 48 82 77 35 52 46 53 31 69 33 48 51 44 45 38 30 60 85 66 64 62 62 48 76 30 71 66 23 42 69 48 57 50 45 46 29 45 49 54 48 63 60 
45 45 45 80 53 61 48 60 37 37 46 60 43 58 57 64 61 85 62 61 74 63 42 70 55 32 46 40 50 40 40 56 60 27 53 47 52 24 50 52 45 40 57 47 53 36 27 65 40 40 39 54 42 51 48 65 70 54 59 67 46 47 50 42 66 45 63 49 57 60 50 75 58 69 48 23 57 66 50 73 74 33 54 47 36 37 61 36 79 42 13 54 40 40 24 63 60 67 50 37 42 46 53 45 58 86 44 40 49 47 39 52 30 37 68 61 57 72 99 62 60 48 45 59 36 41 48 58 50 37 53 35 34 64 43 61 48 26 59 44 53 34 50 69 26 38 43 52 55 57 57 65 73 93 61 28 40 83 47 80 71 56 44 65 49 67 58 74 55 35 64 58 66 64 43 13 36 58 35 71 62 32 56 30 41 36 59 71 39 46 33 45 47 50 33 51 43 55 39 56 
60 51 66 82 36 61 46 50 89 39 71 45 87 59 34 45 57 35 52 63 50 55 54 37 68 37 22 65 34 52 68 54 49 45 49 47 32 35 54 38 68 80 62 42 39 42 61 58 44 57 54 38 11 15 69 46 50 49 24 61 62 41 42 44 61 51 58 55 58 16 48 31 49 49 32 33 52 87 80 69 69 32 45 41 48 32 45 57 57 58 40 78 57 48 65 57 58 39 16 42 58 21 61 56 41 68 59 54 93 53 53 50 44 58 62 55 55 62 31 53 43 50 48 34 55 34 51 41 45 61 31 71 68 65 59 25 54 25 58 38 38 69 53 70 61 51 75 34 47 69 44 50 78 35 69 35 90 46 67 50 50 54 44 52 57 40 59 61 61 48 33 88 60 75 55 43 37 35 30 59 61 52 51 32 36 48 65 36 40 45 21 48 61 58 18 60 56 63 23 45 
47 56 57 54 62 34 42 45 55 63 61 78 41 39 40 41 55 25 54 55 54 50 38 60 58 59 59 41 59 39 52 62 35 51 37 53 51 53 55 41 49 44 27 83 54 33 35 70 40 52 39 59 54 52 35 62 57 60 27 43 55 38 37 71 48 54 59 43 56 16 44 59 87 44 69 67 41 26 51 38 63 51 53 43 44 37 28 36 42 42 53 55 37 73 47 59 66 43 46 64 43 33 84 38 36 45 61 34 69 62 54 47 46 50 50 53 47 54 44 56 66 79 43 36 42 42 50 48 40 64 29 53 32 49 42 42 45 69 50 54 43 76 50 62 78 59 65 50 51 36 35 73 32 47 75 32 63 38 49 54 28 71 50 55 38 76 70 29 51 56 65 74 60 36 53 34 59 24 31 54 66 64 40 52 29 36 46 65 44 71 51 30 28 39 43 43 43 30 51 46 
84 46 60 31 53 47 46 54 82 39 27 48 58 62 65 66 67 55 44 55 50 50 61 54 48 51 33 41 40 60 55 73 47 52 51 48 55 76 54 54 28 52 82 71 61 41 38 35 76 35 53 68 49 52 48 38 63 42 45 65 63 36 67 41 46 54 50 19 54 79 51 53 43 56 56 66 53 49 64 56 63 67 37 53 76 62 36 30 55 26 51 30 53 54 74 58 45 67 54 63 32 58 38 44 41 36 33 43 55 57 61 51 59 52 47 46 71 79 36 43 51 46 52 90 41 33 62 45 55 50 50 66 61 48 47 81 38 51 38 63 40 44 75 65 39 51 44 41 68 48 27 63 44 56 32 51 62 41 68 49 47 41 58 53 51 55 52 68 29 74 69 57 46 45 57 39 71 78 67 60 78 67 57 60 37 46 58 38 53 40 50 37 42 41 32 57 52 51 42 59 
76 57 26 35 64 68 64 46 50 26 49 33 58 56 73 75 63 65 54 27 53 63 48 58 54 65 63 40 72 69 62 57 27 67 47 59 62 67 38 44 68 58 53 58 45 32 66 39 64 34 54 48 71 40 30 73 68 47 45 43 41 77 29 38 26 68 65 47 56 42 55 52 27 36 40 87 44 44 68 53 67 53 60 32 50 44 61 52 46 63 61 34 46 28 67 48 68 51 47 29 81 43 61 75 61 55 54 47 72 67 33 52 40 58 48 55 42 32 34 46 53 51 59 42 57 49 21 38 64 55 82 74 52 37 59 46 61 44 75 27 44 69 60 31 42 45 37 66 67 66 33 51 48 41 65 61 48 50 82 60 35 35 37 65 49 58 48 55 46 51 79 49 68 41 60 65 63 52 50 51 20 48 75 41 47 64 77 36 45 35 33 83 67 55 54 68 52 56 47 69 
59 35 59 58 29 73 58 62 52 67 52 61 54 51 53 36 36 35 62 64 47 49 36 45 60 24 79 53 34 46 61 44 49 39 35 47 42 47 55 48 27 62 60 36 35 47 35 75 87 54 62 51 57 52 41 36 77 51 53 64 75 41 48 52 28 63 39 43 58 50 44 54 55 59 36 51 54 36 65 69 61 35 27 54 29 43 37 52 46 49 71 68 47 53 83 59 52 53 54 55 52 35 48 55 56 40 59 33 66 58 13 72 43 54 86 47 58 55 55 28 54 62 49 20 45 51 62 42 49 53 58 76 49 52 48 48 44 63 55 56 62 50 50 75 80 39 64 67 50 58 64 34 56 59 63 87 55 64 56 54 47 78 47 40 53 51 73 56 55 43 63 37 75 32 45 40 56 46 51 37 44 43 65 45 52 34 57 40 47 68 59 53 48 56 48 34 42 42 58 47 
52 66 41 69 54 64 52 37 19 72 38 37 72 67 80 33 33 50 56 16 45 48 54 54 80 68 50 62 14 41 60 60 21 77 66 44 73 34 70 49 69 65 52 39 51 46 64 63 58 33 47 58 47 35 38 58 60 82 59 46 24 62 51 85 60 41 62 36 56 54 45 35 42 48 43 53 59 32 28 63 67 53 44 51 49 52 49 34 43 49 63 74 48 73 45 61 42 93 68 65 42 65 64 31 41 64 25 52 67 48 69 62 40 64 41 54 50 75 45 68 50 45 42 51 43 78 56 41 42 44 68 57 68 52 66 44 68 66 40 46 61 29 66 41 50 46 60 59 45 56 41 56 41 66 41 57 44 63 62 57 64 51 55 62 53 51 50 48 35 62 61 46 67 53 52 62 66 36 54 31 61 42 28 53 49 66 39 69 79 55 59 56 46 42 37 42 52 61 64 47 
57 44 61 41 67 40 52 55 59 67 47 54 70 33 59 42 67 34 24 34 62 61 72 62 35 48 61 53 74 64 53 34 41 51 35 52 31 62 47 62 32 36 36 43 29 27 50 46 48 58 34 56 44 50 52 67 64 66 60 58 64 52 59 66 47 33 71 68 40 48 42 40 69 71 56 54 56 58 39 52 27 52 38 26 62 33 49 46 64 49 36 54 43 66 43 83 73 57 42 49 82 61 36 65 46 51 75 56 38 36 33 58 28 26 23 53 73 14 55 58 68 57 73 38 72 41 73 42 40 40 36 35 29 34 51 53 55 64 8 53 30 43 61 71 65 50 88 47 45 46 47 42 50 71 34 70 37 51 69 67 53 57 59 63 51 40 48 54 46 39 39 47 28 61 74 57 28 20 50 58 60 58 48 44 58 51 55 34 51 60 51 45 51 42 59 51 38 50 50 71 
40 65 67 39 55 80 41 81 48 60 36 59 25 55 48 29 31 39 62 33 57 71 47 65 71 58 67 69 54 44 49 60 41 73 20 64 63 57 63 45 50 52 21 64 46 28 43 54 60 79 40 85 76 87 74 57 50 54 34 29 38 52 48 60 93 49 79 62 60 44 56 35 21 64 61 41 43 59 51 60 55 59 47 43 46 50 56 22 63 27 59 67 44 60 51 68 53 18 39 56 57 64 30 46 55 65 40 62 57 47 63 57 68 49 62 44 55 34 74 52 54 34 42 41 51 59 72 43 56 60 52 59 67 71 58 66 70 79 53 57 43 52 26 48 30 35 46 34 79 44 85 66 59 76 68 55 57 59 51 56 84 31 50 27 55 76 72 63 40 82 41 46 41 46 39 49 48 60 31 33 48 44 74 48 61 50 66 31 39 47 73 49 78 37 52 36 39 76 75 58 
44 63 45 33 54 56 52 55 67 51 67 55 52 56 41 70 60 43 67 47 47 45 53 45 45 55 51 60 26 44 44 57 48 71 68 58 61 63 70 57 58 36 21 41 55 54 60 57 32 37 46 58 71 53 37 68 65 57 33 58 54 52 62 38 36 37 36 50 55 48 66 69 54 44 65 61 20 71 77 68 55 59 47 5 36 67 35 50 45 61 16 53 56 47 59 64 57 64 58 61 44 63 38 51 60 64 51 39 40 69 55 59 46 69 49 65 42 51 52 61 22 49 44 26 52 49 67 52 60 91 49 50 80 55 39 63 74 68 41 80 63 76 52 58 85 52 53 44 55 33 48 44 65 46 74 35 46 42 51 53 33 75 60 46 61 53 26 37 41 66 64 30 55 64 62 45 31 69 39 69 67 39 67 54 61 54 33 50 63 44 41 71 37 65 49 47 41 54 42 58 
46 44 42 45 36 56 41 67 33 26 48 61 22 64 37 48 41 37 47 65 49 48 57 40 43 52 78 87 66 38 37 56 49 46 53 56 26 38 65 46 59 44 65 38 48 57 54 43 47 66 58 47 39 47 55 85 75 50 46 43 48 43 45 48 56 47 46 35 43 46 46 59 29 42 67 27 30 43 66 49 67 35 51 51 36 58 63 49 34 40 39 70 37 45 46 61 68 39 46 54 40 65 63 63 54 59 43 47 48 62 66 41 51 44 48 42 52 42 46 54 51 33 63 48 65 69 77 50 44 49 61 70 64 63 54 54 53 39 59 76 54 44 77 41 67 56 25 66 68 57 47 58 51 45 34 45 37 51 67 38 56 52 49 61 69 57 48 66 51 45 53 45 55 58 49 58 36 33 50 38 40 28 50 20 32 58 37 28 56 68 59 47 74 64 74 62 62 34 66 64 
33 51 58 53 44 39 22 36 67 37 49 68 35 60 52 35 60 50 50 46 37 56 69 62 57 54 63 32 75 30 45 51 68 67 46 58 63 59 59 45 28 38 20 60 68 71 66 56 54 36 49 49 51 31 53 40 55 70 50 46 44 65 57 62 49 93 58 40 68 37 65 66 51 56 36 45 56 60 52 37 56 43 33 54 68 33 46 62 64 54 41 89 50 54 49 62 43 70 32 47 57 46 66 81 70 50 40 36 24 50 40 55 82 63 58 57 64 43 36 59 60 70 52 55 53 34 40 51 40 48 41 60 43 67 58 62 45 51 67 38 42 34 53 52 38 78 57 54 57 48 57 52 52 60 60 60 57 68 46 53 34 66 57 57 54 46 46 58 49 42 52 40 40 57 35 31 73 52 55 77 54 42 60 29 34 80 38 48 53 42 56 70 49 45 57 54 66 51 38 23 
53 40 42 63 45 54 25 44 46 54 38 44 36 40 40 80 52 51 58 57 60 65 62 46 53 63 20 54 25 36 67 52 47 63 56 29 52 47 39 57 53 35 52 61 32 45 33 42 46 40 46 70 64 56 30 82 30 46 66 57 46 53 45 44 78 72 56 49 55 59 43 50 42 71 73 38 40 51 36 25 40 72 54 62 67 96 17 45 15 15 53 56 71 39 61 57 49 90 58 54 47 30 47 58 50 59 20 67 35 37 46 41 45 66 53 37 56 79 49 43 40 56 56 64 67 57 71 62 64 41 50 34 66 61 49 48 52 34 52 49 47 48 49 42 44 54 49 46 94 21 51 44 71 47 29 40 36 30 53 52 47 66 77 45 51 48 53 52 37 16 37 66 49 31 65 56 64 71 49 49 19 52 34 37 59 57 47 65 46 49 30 85 61 38 45 62 68 66 48 39 
53 39 40 29 75 65 32 50 53 64 55 38 47 59 43 29 55 44 37 57 67 21 43 44 50 40 58 44 14 44 46 67 60 50 34 30 59 74 57 57 54 33 55 53 33 36 58 50 61 47 48 45 60 55 52 46 38 33 61 63 57 49 39 71 59 50 68 32 60 59 58 55 37 55 58 65 65 46 52 69 71 41 49 38 57 33 32 52 80 55 69 47 53 71 38 75 60 69 61 59 26 46 54 60 60 54 34 26 61 33 53 66 47 64 40 56 59 49 55 76 44 42 37 40 59 38 47 60 59 64 52 17 58 52 59 43 62 71 56 58 64 63 72 67 39 70 59 44 56 55 59 40 63 40 31 17 40 58 48 58 31 60 64 47 53 47 27 55 56 61 22 52 45 59 64 49 48 59 45 46 26 56 58 67 43 51 52 79 52 61 46 61 65 51 25 52 66 62 70 48 
40 46 54 34 36 47 45 50 51 60 58 56 62 64 59 50 54 61 47 51 64 44 46 53 41 61 57 44 49 40 19 57 50 57 62 53 48 51 60 38 57 54 55 46 57 49 51 55 63 42 50 58 34 47 70 73 79 65 50 63 60 38 44 33 50 50 62 51 38 38 49 56 51 51 32 50 54 67 66 54 45 44 51 58 56 67 62 70 38 50 43 44 42 52 46 47 65 65 58 56 50 53 35 64 42 33 51 43 49 33 49 41 33 52 39 55 41 43 40 44 56 43 55 37 50 48 59 51 65 41 45 47 57 55 44 51 46 52 33 55 37 57 70 42 37 68 53 55 47 41 44 42 39 50 42 55 35 60 46 60 29 46 51 48 48 38 33 65 50 48 48 51 56 33 44 54 35 49 54 41 37 54 45 45 46 42 53 50 51 45 53 58 54 45 51 53 55 38 51 52 
40 66 50 50 47 54 36 71 42 41 67 35 51 49 50 53 46 51 65 41 48 47 56 50 72 40 51 50 50 54 50 62 54 60 57 50 50 49 58 41 42 46 48 36 48 50 50 51 40 52 46 52 45 75 44 53 50 40 56 48 47 46 78 50 50 54 44 52 42 39 42 59 62 46 43 37 55 53 51 67 48 52 55 41 48 54 64 72 72 48 50 73 40 64 46 50 48 56 70 59 48 57 50 42 51 50 46 39 39 60 66 48 50 67 49 50 48 53 52 54 34 53 45 73 37 46 34 58 58 50 57 65 55 68 46 37 51 50 55 48 48 49 43 33 72 35 61 37 62 55 50 75 60 53 49 30 49 54 55 50 59 36 49 40 68 56 50 64 32 58 56 60 35 45 50 45 46 37 55 55 41 52 56 50 38 53 52 47 44 50 55 41 52 68 57 58 63 62 45 61 
57 46 32 66 42 49 35 50 56 41 47 55 39 48 53 64 39 55 39 56 52 45 45 39 58 58 41 42 42 42 49 75 36 64 52 59 60 34 50 43 44 56 54 39 41 44 62 52 59 54 43 57 37 33 52 54 63 49 74 43 47 49 61 30 47 51 60 56 59 63 55 48 57 53 46 45 52 50 27 52 45 41 60 60 57 50 49 62 50 37 56 61 51 50 61 57 53 45 52 57 55 44 39 82 69 39 56 42 46 43 41 63 52 50 57 50 55 55 38 47 65 65 49 44 70 49 43 54 61 56 47 46 45 42 46 66 34 50 47 60 50 57 52 46 54 41 46 65 50 55 56 44 43 54 56 53 59 42 49 50 44 55 44 59 40 55 48 47 44 45 65 48 45 25 36 51 51 50 51 69 43 50 44 61 67 51 41 48 54 53 53 40 50 50 50 27 50 54 52 48 
45 44 48 51 26 49 46 49 59 44 42 39 58 43 39 56 44 37 46 28 54 45 62 52 42 51 59 49 44 50 65 41 41 72 68 46 54 50 51 57 60 34 40 52 50 44 38 64 64 42 44 39 48 46 71 37 38 35 45 54 64 48 57 55 60 50 52 62 55 42 72 38 42 50 50 43 32 43 34 64 53 54 43 53 61 44 46 49 31 72 68 44 45 43 41 44 55 48 42 60 53 61 50 53 45 73 52 59 37 56 62 56 65 50 31 64 56 52 41 31 34 33 59 62 60 50 51 50 57 44 49 56 50 35 80 56 56 49 51 55 52 37 54 59 34 52 59 66 52 46 69 35 52 50 58 36 35 43 55 48 49 51 62 48 57 39 60 54 45 50 70 40 54 51 60 52 53 67 41 38 39 60 61 52 67 49 41 42 54 50 39 53 61 46 44 44 66 32 40 69 
52 41 59 32 48 43 30 40 41 31 50 56 48 49 54 50 50 43 54 45 60 55 62 40 46 49 54 43 47 50 68 46 57 49 38 40 41 52 58 58 63 48 48 58 58 70 54 45 31 55 37 56 50 48 61 40 41 51 58 52 47 48 61 57 65 45 48 40 45 23 54 48 60 59 46 38 66 40 45 38 51 45 45 54 47 39 53 35 50 41 30 28 48 49 47 66 60 48 57 36 63 36 36 41 67 64 39 35 50 84 45 70 49 57 49 67 49 49 52 54 59 61 58 41 70 46 40 35 62 42 59 39 42 47 49 38 64 40 48 63 37 51 68 53 66 50 50 47 46 51 44 46 43 45 54 39 60 62 48 64 72 46 47 56 42 61 58 44 39 59 51 61 32 57 57 34 41 53 52 52 48 39 50 50 59 28 51 47 50 51 42 59 53 35 49 58 46 70 31 30 
53 61 50 74 58 43 50 52 42 41 44 61 46 56 58 58 48 45 66 61 46 56 50 41 58 45 54 39 67 50 44 39 51 39 26 37 47 51 48 34 55 38 46 49 36 44 72 53 33 46 49 55 35 55 45 62 44 38 60 50 26 50 41 50 68 54 40 44 50 58 58 50 35 56 51 61 49 53 39 41 55 52 33 45 50 25 59 57 50 39 45 58 58 64 46 43 60 59 52 53 53 45 41 46 45 54 36 41 55 67 67 47 55 52 47 50 51 60 59 32 52 46 56 52 59 50 47 64 60 41 46 39 64 52 44 53 55 50 38 46 64 44 45 29 60 54 44 54 67 61 52 57 35 54 36 54 50 56 53 35 48 46 48 55 49 57 31 54 55 50 61 57 50 50 54 34 37 45 47 52 53 37 70 30 48 64 50 40 53 38 56 45 52 56 56 55 54 52 49 36 
57 41 49 31 46 48 51 55 64 41 55 59 43 43 50 45 50 25 50 53 40 45 34 31 46 42 53 54 53 46 46 57 35 73 42 52 33 59 46 57 56 55 48 47 51 61 64 43 61 56 53 54 58 48 50 43 44 55 42 36 40 49 64 51 47 47 48 43 60 38 58 40 52 32 53 64 44 46 47 34 40 59 60 50 66 62 54 62 28 50 68 40 57 50 66 50 43 45 52 66 49 59 49 56 42 42 47 53 58 56 50 54 59 64 46 39 41 38 26 54 49 50 53 52 55 56 47 47 42 55 43 64 64 37 63 35 55 71 53 54 53 69 62 32 54 67 62 50 48 40 43 33 47 31 40 54 56 36 56 32 24 49 54 49 39 38 44 43 50 65 50 50 31 37 46 78 51 43 49 43 54 53 50 51 60 53 50 34 57 41 58 60 57 48 59 57 58 63 50 53 
47 51 22 29 66 58 62 53 13 60 40 53 22 51 60 49 52 70 57 46 50 50 54 55 46 59 65 42 64 50 35 50 52 50 49 48 66 67 43 55 33 34 49 63 57 53 51 37 58 36 48 55 65 69 43 50 53 56 61 38 32 49 55 43 52 57 43 55 48 71 53 70 68 47 54 54 47 30 39 53 38 55 56 68 61 60 52 44 41 47 52 23 52 51 50 34 47 62 62 42 45 65 40 48 42 33 37 50 38 59 51 61 57 56 52 52 50 50 69 44 50 40 46 55 59 55 48 56 48 38 63 51 33 42 42 50 50 65 36 55 62 35 50 43 33 55 50 62 41 37 50 55 40 57 35 57 31 63 45 53 55 50 50 44 44 52 22 45 50 56 68 26 58 32 34 56 64 46 63 47 55 61 56 62 50 48 35 70 58 59 53 47 45 45 56 32 53 29 57 40 
63 64 48 49 48 57 48 55 43 51 50 31 66 61 62 51 50 69 54 47 35 48 62 45 46 34 50 52 39 68 37 48 66 50 66 50 44 49 48 52 52 56 57 29 39 51 52 56 53 51 56 42 50 42 60 50 51 51 57 60 46 50 60 50 49 54 45 57 52 75 50 45 26 54 39 29 46 70 51 58 51 43 45 64 56 68 62 51 54 56 52 56 54 44 52 40 45 60 52 42 48 66 27 52 63 61 48 63 44 53 42 50 70 49 45 48 40 48 49 52 45 32 65 61 42 54 58 55 55 40 57 48 53 46 55 51 51 38 49 67 61 33 53 52 33 51 41 57 53 68 61 40 60 54 33 64 43 64 43 46 65 50 63 44 57 41 38 64 44 43 44 33 47 65 54 60 45 70 64 53 40 37 64 32 47 63 62 44 40 38 47 54 74 47 58 64 46 57 34 64 
24 55 46 61 52 49 60 53 37 57 65 51 35 46 39 42 39 38 51 42 39 56 49 45 54 44 62 52 61 29 44 30 55 53 53 57 54 37 42 50 66 51 34 39 45 60 57 60 45 43 49 58 51 51 49 55 38 66 51 32 55 60 46 62 66 42 42 70 40 43 54 38 50 41 45 56 45 50 52 33 37 38 55 55 28 43 52 55 46 51 53 52 57 44 43 55 51 46 55 57 64 46 47 57 59 68 60 59 55 47 54 50 54 49 46 50 38 41 48 53 47 48 45 39 51 59 47 50 50 47 53 42 43 46 46 30 66 50 57 65 53 54 33 45 62 54 54 57 33 53 67 45 50 44 67 49 55 55 50 41 49 57 54 64 39 47 50 63 53 32 40 56 49 54 62 46 41 44 29 51 39 30 41 40 51 59 52 58 52 67 51 59 47 50 61 43 50 67 48 51 
45 55 66 70 35 35 40 62 61 62 54 55 63 44 39 45 44 44 42 68 53 37 47 47 63 42 45 50 36 32 44 49 58 36 54 50 59 35 57 57 45 41 61 48 63 51 42 52 38 55 42 45 35 50 72 25 45 46 50 58 53 36 57 62 66 33 33 54 33 50 44 50 63 58 55 17 50 60 31 54 40 50 41 51 52 50 45 49 54 42 39 51 50 54 44 52 43 50 52 62 34 42 44 50 50 57 53 48 47 44 55 54 55 50 66 46 55 71 62 61 54 50 45 63 50 57 67 53 43 52 43 28 39 61 50 57 48 54 44 62 62 42 38 57 44 46 62 50 38 38 62 35 52 59 47 52 53 64 44 41 64 51 50 31 49 40 44 51 53 50 33 49 44 58 50 43 36 49 50 47 80 49 46 58 49 34 34 68 50 58 57 31 34 46 47 36 48 49 50 44 
50 61 54 40 53 34 46 57 53 31 43 43 50 50 37 60 57 49 46 38 48 47 66 47 41 60 44 48 66 47 45 38 47 63 58 50 49 61 51 56 46 32 46 62 53 55 58 35 17 46 44 57 51 48 47 60 43 62 46 47 37 58 42 50 63 46 58 60 50 48 65 47 53 46 43 50 46 50 37 29 47 64 62 53 52 48 60 47 43 44 29 50 60 44 42 47 59 46 39 40 46 55 59 50 61 50 42 63 51 50 73 46 50 43 29 59 46 36 43 62 60 38 44 69 55 57 40 51 53 66 52 47 50 50 44 54 62 42 45 39 43 50 57 33 29 50 34 46 52 51 39 60 39 40 40 23 42 38 50 54 70 39 59 44 52 50 40 40 52 51 50 63 31 65 45 52 52 46 50 53 61 46 38 65 53 58 48 58 39 34 42 37 52 57 52 53 67 46 47 52 
50 36 55 53 45 51 50 64 61 33 66 48 40 37 37 66 78 49 42 69 56 63 44 56 58 36 54 51 57 56 57 42 62 35 44 41 31 52 48 39 41 43 52 51 50 53 35 38 54 63 51 60 44 57 61 44 42 44 41 53 55 52 50 38 53 49 51 65 41 43 51 56 49 56 45 42 57 64 65 38 50 53 66 50 59 51 52 65 44 68 53 46 50 34 41 32 53 33 35 47 50 38 52 65 60 46 50 47 41 52 45 39 47 35 65 43 51 41 48 45 52 50 57 50 58 38 43 57 64 55 48 45 37 48 35 50 39 35 51 50 49 70 51 31 49 55 43 44 40 53 54 49 58 47 56 53 53 49 42 47 42 41 54 56 48 39 42 56 60 50 52 53 38 46 32 42 36 58 52 65 50 67 64 52 52 47 58 32 42 59 42 44 48 54 48 58 42 49 43 63 
44 59 49 49 36 54 50 48 47 54 47 57 45 57 50 45 33 48 60 50 50 31 41 44 62 49 33 39 38 52 54 76 55 55 43 54 62 54 56 38 54 55 66 56 55 67 45 50 46 46 55 53 50 41 52 34 49 34 46 54 49 53 44 43 56 56 33 47 57 65 50 50 41 28 35 50 50 48 57 49 62 50 50 66 54 61 52 50 40 52 54 55 50 47 51 45 38 52 47 56 34 48 62 51 46 48 33 40 51 58 50 55 56 61 64 59 49 76 53 43 47 55 53 63 54 49 43 55 61 73 49 54 58 57 50 32 49 37 70 53 60 51 49 46 34 54 28 54 53 45 48 61 55 48 48 35 57 49 38 53 51 38 42 47 54 45 52 63 56 50 61 69 73 45 48 39 57 66 61 40 50 50 44 43 47 57 51 58 47 54 54 59 51 58 57 41 43 52 52 39 
58 46 41 65 38 43 57 38 61 36 53 47 52 41 42 60 58 62 47 75 39 41 63 41 48 47 50 36 53 50 50 48 64 33 58 35 38 57 40 44 51 43 57 37 56 67 53 53 40 47 60 33 54 21 38 34 51 36 69 72 65 50 42 26 23 44 39 40 37 57 45 56 78 41 40 57 53 46 47 36 45 42 58 48 55 40 55 65 45 53 55 54 57 41 65 39 61 82 58 39 57 38 54 43 52 46 59 47 35 54 40 59 35 59 35 50 43 60 38 51 45 66 39 54 43 46 49 47 48 52 48 51 47 30 35 35 42 26 47 50 52 51 56 46 50 77 43 66 33 52 30 34 55 52 43 60 50 58 45 41 17 64 43 59 64 42 53 45 66 34 53 50 60 59 48 56 47 39 63 56 53 54 33 53 56 48 45 68 58 66 36 48 33 64 50 60 55 35 35 55 
43 49 59 60 54 40 61 45 46 54 40 45 53 55 51 41 46 63 49 42 57 55 50 55 53 54 47 42 65 63 57 39 55 52 35 50 43 38 39 54 49 65 63 54 41 47 50 46 64 53 53 42 37 51 61 50 44 42 59 41 55 48 34 53 68 52 53 54 49 63 50 40 47 51 47 54 69 47 26 44 53 42 40 79 60 51 68 50 59 32 76 53 54 50 42 39 51 50 55 40 61 32 52 50 47 48 53 65 47 44 46 42 58 44 63 45 42 52 40 50 60 56 64 54 50 47 37 46 41 35 50 35 41 51 52 48 39 59 62 35 36 49 66 51 33 50 40 58 53 54 46 48 36 51 38 54 53 47 66 45 62 26 43 51 41 55 67 62 57 61 33 60 46 59 48 44 70 34 49 39 55 62 52 54 59 48 71 46 49 54 47 26 61 35 50 50 58 49 53 50 
58 57 62 52 58 34 50 33 61 65 59 54 53 22 51 50 58 71 47 39 43 44 40 47 49 41 33 37 46 45 51 51 56 59 65 50 59 55 45 50 46 58 52 57 49 47 44 58 43 42 46 54 57 54 58 35 28 56 50 57 57 41 56 49 35 46 59 48 46 54 46 40 58 56 54 51 58 58 41 50 41 40 49 50 64 48 45 37 57 54 43 44 60 49 50 53 35 51 46 50 57 45 41 39 60 57 51 56 52 55 45 66 50 57 57 60 59 50 49 49 73 61 50 53 48 50 40 59 48 50 40 41 35 49 43 63 58 54 46 37 50 49 15 49 41 49 63 34 37 55 49 43 58 60 45 51 60 50 51 57 43 52 51 51 48 50 62 51 51 56 54 63 58 57 51 52 50 51 60 53 60 60 61 78 69 50 64 63 55 37 47 57 45 38 39 56 51 62 51 50 
56 50 47 50 58 62 74 62 51 45 55 48 58 49 43 54 45 42 71 59 52 46 35 47 67 35 53 63 38 67 57 50 31 28 55 54 35 40 50 53 66 64 72 40 42 35 48 58 54 53 60 64 48 67 41 55 50 38 44 57 58 44 64 40 52 40 37 53 51 59 36 40 46 61 65 58 54 55 70 55 37 57 68 46 37 50 60 50 28 52 52 18 54 54 51 45 51 36 55 46 41 46 47 37 39 50 58 64 58 37 53 55 37 46 41 47 51 55 64 40 46 44 54 46 39 59 65 50 63 42 52 41 57 50 50 53 56 57 43 53 57 57 42 41 60 42 53 57 40 42 38 52 56 45 37 43 33 43 58 45 57 62 44 50 46 41 67 36 49 59 62 52 51 47 66 50 36 44 27 50 55 40 45 69 62 37 61 49 36 45 51 42 51 50 50 53 33 47 53 64 
50 50 48 36 50 61 69 51 51 46 64 50 54 58 62 36 46 55 47 44 46 50 47 63 53 41 64 66 64 59 34 46 48 54 44 70 46 55 55 45 48 58 41 35 61 56 67 41 55 50 53 51 52 42 64 41 68 53 55 44 55 48 48 54 29 34 51 41 50 46 46 38 61 54 35 56 53 52 63 65 54 38 53 45 48 16 72 42 63 76 46 49 32 62 37 46 38 42 49 48 57 73 54 32 63 42 66 48 56 55 48 53 49 35 48 52 33 39 37 46 44 54 47 47 50 41 44 48 41 69 46 62 44 35 46 47 51 63 54 52 53 49 42 45 51 42 50 41 35 70 55 40 42 57 56 50 59 57 50 38 47 50 39 49 50 65 52 45 63 57 44 50 44 50 42 51 39 33 52 54 56 52 57 61 49 41 54 29 58 46 57 19 47 62 52 36 34 44 53 49 
61 49 55 64 39 35 68 49 60 42 52 53 42 51 53 67 48 61 57 39 51 72 52 54 50 61 47 69 69 53 39 44 47 56 62 68 39 40 58 67 51 50 41 45 68 62 48 53 35 48 43 40 40 36 46 49 54 68 49 42 61 59 54 36 57 46 49 57 54 40 43 40 46 44 46 44 47 56 45 35 51 57 51 60 44 60 50 52 45 58 39 63 44 30 61 36 48 32 32 54 64 56 54 51 37 55 67 67 46 58 45 39 58 42 60 41 42 53 56 32 50 59 53 57 52 65 63 45 41 41 62 65 44 61 52 56 36 42 49 41 36 45 35 36 63 45 44 44 50 61 38 62 38 49 54 75 58 41 46 49 58 31 41 63 46 50 70 37 50 53 65 58 49 42 35 55 56 37 50 40 63 57 52 30 52 45 40 25 50 29 48 45 56 54 67 61 35 44 33 48 
497 512 503 501 494 496 497 497 511 495 491 490 494 504 488 500 506 499 496 499 
