20 200
48 62 32 66 46 72 50 54 62 81 45 52 70 30 35 61 41 63 53 62 75 49 53 50 35 51 46 43 44 34 52 59 57 50 47 28 65 54 35 56 38 73 45 65 59 36 34 17 69 57 47 74 56 42 68 33 39 51 52 61 39 66 62 59 76 49 41 75 65 41 49 62 36 61 65 51 48 35 56 64 59 67 53 42 64 69 59 41 60 58 60 26 57 74 70 36 54 54 54 38 52 46 54 79 72 37 48 34 67 42 33 65 45 54 21 48 47 43 86 46 44 50 38 58 51 46 50 59 47 37 30 56 51 64 55 49 44 41 76 52 50 46 42 55 37 54 78 67 38 19 32 32 34 44 34 61 25 53 42 58 67 43 54 58 72 60 68 47 45 59 55 38 57 68 76 21 47 58 58 79 58 59 47 41 66 35 52 38 44 67 36 25 57 66 40 53 26 75 55 65 
48 40 49 62 49 38 50 72 53 76 51 62 27 43 38 43 36 43 45 55 56 53 27 42 53 60 60 41 46 58 38 39 51 63 59 49 84 44 37 60 34 37 88 55 39 60 53 46 36 36 19 29 29 75 68 68 85 78 80 81 52 59 59 28 69 67 65 70 50 35 41 68 40 60 33 48 28 31 48 61 53 43 57 67 31 74 66 58 64 48 53 63 42 56 38 65 42 67 53 50 47 56 45 74 58 30 21 78 39 49 42 39 64 43 53 51 14 42 47 57 65 50 54 43 44 54 32 53 59 53 42 31 55 78 99 62 47 36 37 39 53 60 61 50 56 50 37 51 46 54 46 63 57 49 72 39 28 53 33 55 47 43 46 51 54 39 34 58 58 55 63 42 79 56 63 35 41 39 33 58 56 53 56 68 48 56 60 40 51 46 58 52 53 55 68 61 50 50 56 38 
42 56 27 35 87 55 29 23 45 55 49 35 63 49 57 53 54 39 50 50 73 59 45 47 71 40 62 54 29 75 53 43 69 50 49 57 52 48 40 26 45 89 69 62 39 59 46 22 54 72 42 26 47 46 25 55 57 41 44 37 33 45 42 39 52 48 51 87 54 50 55 33 49 37 65 63 39 53 76 88 48 47 64 38 57 57 53 45 28 29 42 25 52 40 64 47 59 46 40 55 75 47 56 67 55 61 53 48 81 52 46 32 58 54 51 56 55 52 50 47 71 42 33 69 61 54 67 33 40 51 54 25 34 58 57 23 52 53 69 45 52 36 86 70 64 64 49 46 45 49 54 45 60 32 68 53 42 30 63 40 57 63 26 59 53 61 57 61 53 68 52 40 48 46 55 41 60 38 73 62 64 54 46 73 46 39 43 55 33 58 53 52 47 57 49 69 21 40 41 54 
40 58 58 35 46 41 57 30 57 51 32 73 43 69 62 38 70 55 62 34 54 41 79 44 48 42 33 39 69 89 46 49 39 54 65 51 64 62 61 71 43 47 51 47 34 45 21 47 67 52 52 56 28 42 59 28 65 68 48 71 28 55 46 50 55 69 44 80 43 31 62 69 46 59 84 47 60 69 57 62 44 72 43 59 64 45 56 32 56 40 56 57 50 43 60 40 29 58 33 59 46 50 8 56 83 31 61 42 58 35 61 37 43 61 84 70 54 64 65 72 43 65 33 30 44 40 47 19 54 51 34 62 41 45 51 42 45 37 62 51 57 72 37 32 60 40 68 47 37 55 67 37 40 68 57 40 52 51 41 46 31 32 54 32 65 58 26 58 52 44 73 63 44 55 74 45 40 52 66 80 70 52 40 48 37 64 79 61 62 83 33 61 67 41 65 35 66 65 60 75 
64 31 41 44 45 38 54 60 67 46 87 72 43 59 55 55 45 58 43 51 61 72 43 85 37 41 53 52 46 57 57 69 72 57 46 38 53 36 65 70 38 75 84 49 43 65 51 60 60 40 31 77 32 32 56 57 59 47 42 44 47 25 49 40 29 28 62 56 39 64 51 56 38 25 55 42 72 52 58 40 70 67 71 41 55 62 50 51 41 30 35 54 46 61 62 41 25 41 34 25 49 58 42 58 31 66 60 48 71 23 34 39 60 54 64 38 57 57 28 34 53 53 45 38 34 57 53 57 53 45 25 54 33 65 34 68 50 72 57 50 65 25 56 47 51 57 40 36 59 39 31 46 60 43 56 81 56 44 50 21 46 71 35 51 68 40 45 51 56 43 38 53 48 78 43 59 65 61 53 57 47 64 58 29 33 46 54 26 49 50 58 76 70 44 36 58 55 51 42 51 
60 55 42 37 44 32 43 20 49 23 52 43 32 66 43 23 68 45 82 37 53 62 44 38 44 31 53 42 63 50 42 34 47 76 58 55 48 67 41 52 64 46 57 62 52 52 57 57 44 27 30 49 63 55 31 45 41 25 64 71 62 46 46 52 55 50 44 37 76 37 66 29 59 54 74 53 69 55 57 59 51 40 56 54 52 73 43 40 45 53 48 65 47 43 43 52 39 52 75 58 57 40 55 55 86 51 59 54 49 56 32 65 52 56 57 55 46 44 71 32 56 44 71 62 62 44 32 60 74 49 54 57 51 35 42 47 45 34 61 31 62 50 50 50 70 69 31 52 38 56 68 54 68 47 74 56 53 57 56 67 40 42 31 54 34 40 52 52 54 61 26 56 61 58 26 55 44 25 33 62 66 19 51 41 51 60 53 60 40 55 53 43 62 62 56 47 54 56 44 63 
52 36 49 37 37 36 51 55 68 62 74 61 23 67 35 59 15 41 47 69 66 31 51 66 55 58 60 58 25 54 31 70 51 61 61 51 44 49 70 69 22 65 68 68 43 42 43 39 53 34 43 47 56 37 68 39 61 44 67 55 46 60 55 42 65 62 36 50 65 76 68 42 55 55 55 46 44 56 37 39 28 36 52 54 52 52 47 46 48 37 57 41 55 45 34 41 75 57 43 39 82 37 29 55 42 52 57 56 72 51 46 35 20 36 68 45 60 38 59 48 33 44 53 54 50 53 27 80 50 53 77 46 57 53 37 54 44 25 31 36 42 39 25 53 52 41 55 36 53 60 55 46 37 40 55 42 56 48 71 23 43 36 24 47 72 64 45 53 62 65 44 58 47 34 31 53 46 36 61 47 33 36 52 48 46 44 59 57 87 51 60 60 57 41 47 49 47 30 62 50 
66 57 53 47 49 82 65 70 47 52 30 68 36 40 33 46 73 57 59 46 77 62 15 33 66 81 59 15 53 50 33 65 64 76 65 23 49 54 66 61 36 48 45 66 70 45 56 46 73 54 42 59 69 52 39 35 44 55 38 68 25 44 45 55 42 47 47 56 33 56 39 49 47 49 58 48 48 49 38 51 47 87 57 52 26 49 60 75 51 55 48 68 42 32 47 50 47 78 25 68 66 51 48 65 60 50 52 61 54 24 63 54 69 65 42 54 12 44 47 42 53 26 49 72 30 62 54 54 57 28 63 43 61 55 31 56 38 49 28 62 49 87 31 43 64 44 51 57 55 66 73 74 39 59 39 61 48 74 46 33 41 45 39 31 40 31 54 42 69 74 70 33 29 60 44 40 57 42 32 64 34 56 67 21 60 50 61 82 75 29 45 45 49 48 74 59 58 58 56 51 
47 37 50 60 42 53 64 47 56 76 37 15 53 67 58 54 56 37 59 45 40 67 51 51 43 47 20 79 30 45 64 61 27 20 56 48 25 37 59 38 59 50 43 36 41 70 59 70 58 32 59 43 27 33 33 54 58 84 48 43 51 61 46 37 51 75 28 32 45 54 47 55 34 41 46 62 66 34 56 37 60 62 46 54 75 49 66 85 46 85 52 51 41 54 47 53 50 55 38 40 32 57 50 56 45 57 41 50 55 39 65 25 51 60 64 53 47 65 32 70 62 49 45 48 48 73 71 69 80 42 50 41 59 52 44 51 50 63 32 68 60 55 56 52 35 61 48 38 47 43 10 47 46 33 51 72 72 64 42 63 33 51 44 43 66 61 35 47 30 39 43 44 42 70 90 52 63 56 34 63 58 43 53 14 50 54 55 38 49 55 73 50 46 47 45 41 60 63 23 35 
71 60 52 56 51 68 64 34 80 63 21 50 58 41 63 53 46 54 52 25 65 64 78 46 66 59 36 59 61 54 76 49 77 49 66 42 37 65 51 76 61 81 63 59 55 50 67 31 55 43 58 48 39 60 72 14 57 64 25 55 66 49 53 43 50 63 66 60 68 57 53 42 38 93 33 53 36 36 44 39 86 41 64 60 59 27 74 57 68 56 45 74 57 77 62 58 74 64 47 33 35 16 57 45 37 35 56 31 27 41 53 31 52 48 42 37 44 34 42 58 51 50 44 45 53 44 47 70 50 63 10 40 45 47 43 57 56 67 51 43 40 37 49 45 58 48 42 45 54 27 57 40 30 52 67 48 76 31 65 73 45 44 46 62 44 67 61 56 35 45 25 47 75 29 79 63 59 28 68 31 35 48 60 58 50 53 51 52 55 58 34 59 78 65 48 59 70 55 65 51 
46 20 37 41 45 45 58 48 27 46 56 82 24 57 72 35 74 75 53 55 95 43 46 32 40 40 61 56 59 35 50 43 54 76 71 38 64 49 46 60 12 38 64 57 43 38 73 44 50 41 66 69 59 64 52 62 62 36 50 57 67 45 54 50 74 75 71 61 57 33 48 78 64 52 52 34 41 56 68 45 58 28 56 49 45 70 33 59 62 25 38 66 38 53 37 49 60 42 26 57 60 39 42 75 28 45 69 36 51 64 41 59 51 31 45 33 61 67 69 53 63 41 39 47 49 34 64 68 51 52 44 60 23 36 36 60 59 44 45 44 45 41 65 26 67 60 49 53 39 41 35 62 63 48 79 30 35 47 21 61 58 57 60 56 50 57 72 22 50 48 44 46 73 35 41 40 56 26 65 66 80 38 42 50 74 49 59 42 37 45 47 56 48 64 58 44 52 47 27 68 
47 24 43 44 36 57 44 71 55 32 62 51 19 71 47 54 59 39 44 48 65 34 42 52 61 35 31 46 63 50 47 56 54 37 58 21 69 44 69 36 30 44 56 44 31 46 47 35 64 61 60 48 56 29 39 55 74 30 35 34 48 34 85 21 36 76 49 51 64 45 54 60 49 34 36 8 22 46 54 62 39 53 61 49 37 41 33 17 40 53 68 62 23 42 50 52 47 46 57 29 22 76 48 74 46 36 22 34 60 73 47 49 29 55 27 68 48 54 49 53 34 44 48 70 47 36 75 61 30 56 66 47 47 61 78 48 56 67 53 65 52 51 43 50 79 34 30 48 71 54 44 65 59 49 59 47 39 58 36 51 46 65 41 50 30 70 47 52 59 58 51 42 33 26 79 60 50 51 45 56 82 67 49 72 60 25 68 48 53 52 47 50 59 56 51 10 72 44 34 52 
60 35 57 51 40 63 63 29 67 91 39 42 51 52 58 36 35 70 48 74 60 29 54 69 70 34 47 52 69 51 49 41 53 51 26 47 46 59 38 51 55 60 58 49 61 66 37 51 67 60 69 47 63 67 40 39 50 45 49 47 73 42 42 38 52 7 28 71 44 40 70 49 70 53 29 83 63 49 62 27 48 47 50 53 59 47 50 37 51 37 46 61 50 46 72 54 38 64 60 46 61 57 61 66 48 70 38 43 39 63 48 53 42 42 57 22 14 38 46 61 38 49 43 86 38 36 51 33 49 36 52 66 55 48 64 48 68 29 1 50 64 38 53 52 32 42 45 68 86 40 39 55 39 57 60 39 45 22 84 47 31 61 44 65 32 47 71 44 46 30 20 59 70 91 38 39 42 50 49 47 50 53 62 57 64 62 43 46 42 76 66 60 48 38 52 58 27 38 63 54 
32 37 37 51 26 63 66 54 51 38 58 68 55 37 34 42 55 44 62 51 65 51 51 42 76 56 94 46 37 64 46 41 70 42 64 76 62 44 64 36 52 26 69 49 56 41 57 43 55 35 62 59 51 32 56 31 58 53 35 13 56 51 26 75 65 33 49 48 49 46 48 40 46 54 48 69 42 45 55 50 55 45 37 59 35 54 45 45 58 58 62 27 54 40 46 37 50 35 56 77 51 48 57 36 63 49 52 31 44 47 67 34 51 43 58 48 33 49 29 31 44 48 34 71 30 59 66 65 50 48 55 69 63 60 42 48 48 60 71 75 42 68 49 38 53 66 38 48 61 52 59 55 67 59 58 45 73 33 54 39 53 66 36 52 53 55 46 44 63 26 65 51 72 66 79 61 74 56 59 31 57 74 34 27 57 41 44 50 48 60 44 43 45 30 63 33 55 50 47 53 
42 37 67 39 53 39 57 44 50 63 48 59 54 32 58 66 41 39 52 38 49 70 67 59 28 48 34 43 63 35 66 63 33 49 50 40 32 55 70 45 93 62 43 38 50 51 57 67 61 37 57 59 35 51 69 55 50 54 70 53 51 82 35 42 64 29 46 51 58 69 85 64 46 45 45 55 93 49 65 48 49 49 30 54 28 37 43 66 49 48 37 53 64 19 46 46 35 52 25 60 84 84 66 50 61 45 66 40 35 63 59 53 58 48 54 42 49 42 56 38 47 42 50 61 57 60 60 39 42 54 64 44 36 56 15 40 37 57 61 43 65 36 49 53 47 47 47 47 48 38 39 38 36 54 74 59 30 54 47 66 30 38 60 47 46 60 46 46 41 41 62 52 54 34 69 75 51 61 55 34 65 63 54 37 53 38 66 45 54 47 38 50 47 65 38 82 62 49 48 47 
65 39 50 61 53 34 41 35 76 56 35 42 65 30 61 73 37 39 57 37 35 77 57 26 50 32 14 40 51 47 46 69 50 27 50 60 59 84 54 21 58 50 47 39 50 40 59 51 56 47 85 42 48 53 59 50 65 49 40 70 60 57 61 47 68 24 37 52 38 46 44 56 55 64 90 26 56 40 79 57 55 38 51 54 57 47 16 60 44 50 40 50 37 48 37 52 47 50 49 61 29 61 28 77 58 59 50 48 49 27 56 41 64 50 74 49 69 38 55 66 62 61 43 63 55 58 68 58 67 50 55 58 61 42 44 59 66 23 64 52 38 69 67 34 49 71 66 35 56 49 60 71 55 68 74 28 68 62 42 61 50 68 46 55 68 58 31 42 37 47 29 51 52 56 64 65 49 40 9 62 54 44 56 74 33 47 35 65 72 50 58 65 73 74 68 70 66 56 59 68 
50 55 68 69 49 31 30 48 43 54 74 48 64 44 50 15 53 48 28 67 39 50 37 42 69 61 58 56 23 73 66 57 40 36 82 50 39 47 66 46 54 52 63 59 48 34 46 51 26 71 43 41 46 35 62 37 39 49 38 37 61 48 45 51 62 40 28 42 50 66 70 53 75 28 46 63 44 40 53 34 75 60 24 71 32 69 51 38 68 53 49 60 16 77 53 47 49 52 52 64 76 68 41 71 62 58 44 58 37 61 44 77 56 39 56 32 44 55 40 51 48 57 46 58 65 61 73 38 83 30 36 62 95 46 59 100 55 64 49 42 53 74 57 29 67 45 77 69 65 47 57 62 61 57 61 76 28 48 53 59 61 51 63 46 66 59 57 67 71 34 74 48 78 58 46 41 50 67 50 57 74 54 43 59 51 36 27 99 82 57 48 54 63 31 44 63 71 48 60 54 
42 48 67 55 55 69 32 37 64 56 67 87 50 22 69 50 42 40 52 50 39 38 58 71 48 21 51 54 70 33 78 25 65 29 38 71 78 49 39 43 39 46 68 54 62 50 43 36 62 74 41 59 52 38 50 38 63 35 49 43 37 37 69 82 37 19 57 44 58 66 29 75 65 46 29 35 43 42 61 62 43 43 54 51 74 53 56 43 51 69 91 37 42 55 51 72 48 34 77 25 56 51 54 38 34 38 38 75 59 55 54 77 58 43 75 56 48 62 44 57 64 32 41 44 44 42 39 83 41 53 41 70 81 46 70 64 56 46 59 52 39 76 66 76 58 44 41 48 72 49 46 66 52 67 31 44 52 44 32 37 53 74 58 40 30 50 72 47 36 54 29 42 58 79 51 50 68 63 69 46 43 53 37 60 43 66 52 54 47 49 41 35 51 22 57 54 67 61 55 78 
59 67 41 57 23 34 40 64 54 49 47 25 67 69 80 56 33 42 65 32 60 58 56 62 58 89 45 41 48 44 24 50 46 38 61 57 56 40 56 38 50 59 48 30 56 64 42 55 44 22 41 59 41 63 45 53 64 50 45 55 45 54 44 51 63 36 46 38 35 56 44 70 36 47 43 77 45 48 68 59 43 35 52 46 36 40 36 49 55 55 60 39 56 48 53 47 7 51 52 28 66 59 16 78 37 56 40 83 49 29 60 49 41 49 46 35 54 53 63 45 56 55 62 72 45 45 56 57 5 50 58 43 46 71 44 70 69 31 44 67 43 58 61 50 84 42 81 53 60 28 46 31 49 52 56 61 60 41 39 47 78 37 41 17 81 53 19 45 48 42 12 46 52 67 41 80 26 75 49 48 76 35 26 63 54 39 55 61 48 63 52 39 48 39 59 44 54 56 63 30 
51 43 64 57 59 79 70 31 60 39 53 68 73 63 48 54 42 47 55 50 26 48 35 50 58 60 47 30 44 51 53 25 53 42 57 53 44 60 71 52 60 37 66 49 61 66 55 72 35 52 60 24 60 43 40 26 47 63 60 47 55 49 59 63 53 49 67 46 41 26 65 57 46 60 58 65 61 56 59 48 49 49 51 43 37 35 52 57 62 60 47 47 54 75 33 33 76 45 34 53 27 32 46 70 65 29 52 86 46 51 40 46 34 43 50 36 46 46 41 73 68 52 62 38 49 64 25 32 67 78 54 60 66 48 63 54 50 47 61 67 52 64 46 59 57 25 38 55 36 35 65 51 44 53 49 14 51 27 62 43 66 38 50 46 46 28 44 24 73 42 30 53 49 50 53 56 25 24 45 66 68 59 76 73 26 35 48 51 66 51 58 34 36 66 55 67 42 49 61 62 
50 30 71 43 39 39 42 47 36 42 58 61 51 61 69 50 56 43 47 39 41 48 60 59 54 50 45 56 53 57 55 54 38 51 55 58 48 50 44 55 53 32 54 51 54 53 60 58 36 52 64 47 52 47 40 55 62 46 47 50 55 43 41 42 34 58 58 26 39 65 61 36 67 52 47 50 53 65 48 37 42 45 50 57 41 45 53 57 42 43 34 61 38 48 31 60 50 51 42 57 56 55 45 37 46 63 54 61 45 34 69 45 70 48 56 63 62 51 34 70 48 49 63 42 54 55 46 58 41 49 55 47 50 39 31 46 54 54 35 44 46 44 60 45 61 45 31 40 56 65 67 71 59 41 67 49 61 41 47 36 50 54 54 54 38 47 52 59 50 49 45 50 54 47 25 70 50 55 42 27 50 50 54 61 35 62 53 50 67 44 62 66 43 43 57 50 49 30 47 42 
56 50 46 47 50 47 56 39 54 33 50 32 69 50 53 45 64 53 50 47 43 55 47 52 42 32 42 58 64 55 50 67 42 30 48 43 30 52 50 49 45 55 29 50 60 41 54 61 57 47 74 74 64 44 37 44 36 31 38 50 46 54 60 62 51 47 39 27 42 63 53 44 65 54 54 48 67 62 55 50 48 58 42 50 52 40 40 36 40 45 36 43 57 40 61 52 61 27 45 45 52 45 40 47 44 50 68 27 56 61 47 58 40 49 34 49 66 56 52 50 32 40 47 53 50 53 61 65 36 55 56 55 46 34 34 35 53 65 49 68 60 41 36 45 53 43 49 51 51 52 55 35 60 50 31 63 54 44 68 38 56 61 45 53 54 66 63 40 57 46 45 59 34 49 44 47 57 59 50 50 45 48 47 41 69 59 34 49 52 67 54 50 50 45 56 52 43 51 47 60 
51 52 69 49 19 42 63 61 59 44 47 65 39 63 46 49 32 53 66 54 36 41 59 44 47 57 41 47 70 31 45 43 45 45 54 42 65 58 57 53 53 27 44 46 52 41 46 71 48 35 58 58 50 54 59 45 48 48 58 59 57 51 59 57 49 60 52 21 43 42 61 58 58 54 52 49 58 42 26 35 51 40 50 53 39 43 50 56 64 64 54 59 43 53 44 53 45 58 53 55 44 55 50 34 58 35 55 64 39 52 50 60 49 54 50 42 42 47 65 54 38 50 53 43 49 35 24 56 38 50 54 60 56 40 41 66 53 41 45 38 50 61 37 43 55 40 57 54 55 46 53 50 40 57 36 56 49 56 46 59 33 56 63 39 37 47 44 56 63 43 61 61 53 60 50 60 45 64 44 43 34 46 54 41 45 49 52 39 48 49 53 47 59 55 52 38 68 49 57 41 
59 57 50 52 60 61 51 69 29 49 69 34 52 40 42 51 31 57 42 55 49 64 26 57 56 47 55 65 47 26 56 48 55 44 40 55 50 57 42 45 58 59 51 53 49 50 50 54 46 50 61 57 60 41 46 62 26 32 52 44 68 47 55 50 44 52 54 42 45 60 40 52 63 44 18 40 40 34 43 39 49 34 53 44 41 57 47 63 47 64 39 49 51 48 50 72 67 50 56 41 50 43 69 37 32 66 51 55 48 51 46 64 47 32 46 40 57 41 48 33 61 36 67 68 52 53 48 64 45 52 57 44 55 45 39 57 58 52 42 38 38 41 64 48 46 53 44 49 50 50 38 61 55 45 61 50 55 50 68 57 54 50 47 49 43 53 69 32 44 51 33 47 42 51 37 62 53 53 34 31 41 59 58 41 58 50 35 47 48 29 58 41 42 52 36 49 49 44 47 26 
42 53 57 55 51 62 48 36 34 47 30 36 56 47 46 43 50 41 59 58 42 44 58 41 51 60 46 52 64 50 50 52 46 44 55 46 53 62 42 36 59 30 35 51 53 49 46 41 50 49 60 41 56 60 51 44 54 55 51 45 45 69 60 56 59 67 54 40 55 56 52 57 63 71 47 49 51 47 47 50 40 38 53 60 52 48 49 46 50 63 58 57 63 39 38 51 72 60 61 53 47 50 60 40 72 47 55 63 42 75 51 66 43 52 58 51 56 48 61 50 48 47 56 64 53 47 59 63 59 42 57 47 68 52 63 42 52 48 38 43 29 69 53 44 60 53 51 65 56 54 52 60 32 61 35 32 37 53 50 56 45 39 55 43 38 54 59 43 53 47 56 48 55 41 58 43 49 47 44 58 54 51 50 60 54 51 55 54 51 52 50 45 34 51 56 52 46 48 65 50 
41 33 60 57 60 62 48 67 52 59 64 44 59 37 47 61 33 54 29 54 48 46 33 56 55 67 49 39 33 64 56 65 54 37 50 52 66 46 55 46 37 42 50 41 51 61 53 48 48 54 63 60 40 53 58 61 50 60 42 30 42 52 60 44 62 70 50 57 34 60 35 67 46 53 39 42 42 50 46 50 47 50 51 50 59 40 61 54 50 44 45 42 54 68 50 46 62 50 40 50 56 62 54 40 39 46 39 55 58 51 66 44 49 45 48 54 51 56 39 61 49 63 39 49 46 52 52 40 40 58 48 41 57 63 52 55 46 58 47 52 51 53 59 53 34 44 69 50 39 44 35 72 46 45 34 48 37 32 41 28 63 48 59 46 64 61 58 54 51 43 59 54 45 50 44 47 49 64 69 47 56 79 59 66 48 41 50 37 65 51 38 49 50 58 55 54 48 40 59 46 
46 53 50 54 54 64 59 43 32 46 30 49 72 34 54 38 69 52 67 42 43 62 63 35 42 37 41 45 61 50 71 44 41 51 45 53 45 50 59 39 74 44 44 48 57 59 51 58 48 56 43 50 56 65 33 67 55 61 44 37 55 46 41 49 25 55 45 43 43 34 46 50 50 54 49 54 47 44 56 45 66 51 58 44 42 50 56 46 53 67 54 60 53 47 57 53 30 44 45 54 37 64 67 59 52 50 47 39 32 50 57 62 70 54 39 54 43 66 52 40 72 55 50 44 47 56 67 22 60 57 40 50 56 48 55 49 55 53 56 51 59 59 59 42 49 70 63 69 53 55 52 52 54 61 49 55 47 48 40 60 41 50 65 50 35 52 49 46 44 35 50 46 46 50 65 61 62 53 40 43 63 64 50 59 46 50 46 46 35 52 50 43 38 51 60 44 56 58 42 49 
32 37 56 68 59 32 34 38 57 47 57 50 62 43 64 60 40 43 51 48 41 45 67 52 38 26 50 69 58 50 58 34 39 44 47 72 52 54 48 37 50 51 52 35 48 53 50 45 40 53 53 48 42 42 60 62 44 50 67 48 64 57 46 58 53 52 47 61 53 45 57 51 38 46 39 47 53 45 42 59 49 40 63 50 53 48 49 39 55 52 46 43 53 65 48 43 59 26 56 39 33 50 49 48 49 51 56 54 46 69 55 45 42 48 53 41 63 51 69 51 53 69 50 50 73 45 62 61 43 72 38 58 46 59 55 50 41 43 61 51 51 35 70 53 48 57 45 50 35 38 37 39 57 65 45 44 53 38 57 56 60 54 57 65 49 64 45 41 37 25 50 57 69 36 59 64 61 53 62 38 64 45 49 76 50 59 50 34 41 67 44 60 54 48 38 50 32 45 53 62 
52 50 62 43 62 50 44 43 37 29 60 54 46 46 51 38 58 51 45 48 51 41 51 60 46 69 73 28 57 61 47 52 53 66 45 64 64 52 30 59 43 40 63 54 49 46 52 43 49 61 37 60 56 65 50 42 38 27 46 50 48 60 55 54 45 40 58 64 43 56 48 51 65 50 55 41 52 70 44 50 39 40 52 47 39 51 46 34 50 49 49 53 61 42 65 53 35 36 54 49 60 37 67 42 56 41 44 50 40 60 46 62 41 47 52 41 54 34 48 53 51 48 53 50 59 37 42 50 36 59 44 57 54 49 54 54 41 52 59 38 53 51 56 35 65 38 53 45 55 56 65 48 56 58 65 38 56 42 55 36 63 50 45 46 27 51 63 54 57 62 60 47 55 42 38 45 46 40 57 51 47 50 43 71 50 48 40 56 55 51 34 48 47 55 52 49 48 31 65 57 
44 37 38 51 56 52 47 66 32 42 69 50 43 57 33 51 55 43 58 64 26 49 56 54 49 50 61 43 37 47 25 47 44 61 43 61 59 38 50 48 50 29 46 47 50 61 55 55 49 68 47 45 47 41 47 77 52 48 75 48 49 42 46 43 61 45 40 42 48 56 42 51 60 31 69 56 51 62 61 54 37 50 38 50 44 67 27 42 37 57 57 37 47 37 45 52 28 49 54 50 64 66 39 57 41 60 46 59 55 52 55 52 47 55 59 50 45 67 59 43 54 40 40 52 36 51 57 45 62 57 77 56 48 53 44 45 49 34 53 64 62 64 58 55 45 58 56 50 47 65 53 56 49 56 29 57 31 62 33 45 48 44 52 27 56 28 44 46 47 61 45 52 25 62 28 46 47 49 36 62 47 55 45 43 50 45 50 48 55 43 62 37 34 52 39 39 34 54 38 52 
55 62 50 57 54 60 55 47 58 44 45 44 59 41 33 55 37 40 48 54 20 51 36 65 61 48 42 39 59 59 47 59 52 46 34 57 45 56 49 57 75 61 47 51 58 50 44 57 47 56 42 37 50 43 54 46 60 59 53 50 57 55 47 49 42 21 36 34 50 47 49 33 37 53 53 59 54 56 34 64 46 61 48 40 56 38 58 42 48 58 54 47 55 46 60 48 50 60 68 48 35 58 56 35 73 59 41 55 46 46 53 47 50 62 65 54 38 51 28 45 42 38 56 56 52 65 52 39 50 40 58 37 61 65 49 39 46 50 50 51 56 53 48 62 37 46 45 44 64 50 49 50 48 40 41 64 57 50 71 54 43 38 50 60 49 41 33 64 44 62 50 50 37 60 60 58 59 63 55 36 34 62 49 55 20 55 64 51 58 57 59 45 58 41 47 44 48 44 70 34 
51 56 52 61 58 50 59 28 42 69 50 43 70 36 42 49 43 56 63 44 50 57 53 52 43 61 48 52 46 53 50 45 47 58 50 64 49 50 43 55 53 48 45 37 55 52 54 66 51 36 53 46 40 65 57 46 51 74 66 65 40 64 24 60 54 37 56 49 40 56 43 44 43 67 50 66 65 63 47 37 60 48 34 50 56 60 77 62 61 48 40 47 66 49 51 46 48 54 66 58 61 34 50 44 50 63 59 61 43 24 45 55 58 38 50 42 34 49 52 51 42 50 44 48 49 47 36 44 75 40 55 54 61 46 26 46 38 40 44 38 49 50 44 45 50 53 65 55 35 49 60 50 39 52 48 52 47 33 56 45 55 45 57 67 58 40 45 47 42 48 54 53 59 60 50 54 56 43 57 50 36 42 54 36 37 51 37 48 66 54 41 38 48 54 68 67 29 54 69 52 
32 45 35 50 50 47 40 62 30 21 60 58 46 47 47 54 54 31 53 39 55 56 63 28 47 44 42 48 38 47 50 53 41 41 66 60 55 49 69 54 50 41 55 48 47 40 53 50 36 42 50 54 43 50 51 47 45 60 52 50 34 49 59 51 49 79 73 41 45 48 52 42 38 48 66 43 46 47 48 56 53 53 49 58 41 48 51 66 58 57 53 42 53 45 47 50 51 42 41 54 37 50 43 30 53 40 38 49 53 48 50 41 73 67 45 64 60 51 55 42 52 37 54 17 56 62 50 62 58 55 50 48 39 53 49 50 32 54 82 48 41 64 48 37 54 50 57 48 30 50 60 50 60 51 41 52 56 65 23 57 57 30 60 57 62 43 38 54 46 56 65 39 53 21 60 62 61 46 64 49 55 54 52 40 30 40 49 55 57 26 43 46 41 59 51 50 61 51 50 43 
53 63 64 52 64 42 36 48 60 58 46 37 46 58 70 52 41 49 51 43 40 44 36 59 41 49 25 54 75 39 49 64 38 55 27 38 47 55 41 64 49 57 44 58 34 55 50 56 52 61 50 36 50 58 44 51 40 50 75 63 56 69 61 28 44 62 50 49 50 54 48 60 58 57 41 41 50 46 51 53 50 55 67 50 62 54 61 56 51 39 39 54 57 50 49 48 46 63 48 39 58 39 40 53 50 50 47 60 63 54 54 64 50 50 42 56 62 52 72 61 61 43 68 30 62 49 43 42 52 46 54 34 44 44 58 50 57 43 50 42 57 33 47 56 46 41 63 44 38 40 46 50 52 43 45 61 49 49 52 59 47 44 64 40 40 49 47 53 37 67 43 50 41 54 24 42 28 50 48 56 30 34 67 58 50 52 55 47 63 43 58 44 50 71 49 68 54 47 63 42 
50 56 47 62 55 59 55 56 55 48 51 45 44 58 38 47 60 49 50 61 57 40 39 50 54 62 67 42 54 58 47 45 68 40 51 65 70 51 23 54 16 46 48 66 43 51 40 32 36 56 44 49 59 42 45 53 50 45 29 39 51 34 67 59 48 72 55 44 50 43 31 34 55 52 60 61 32 62 57 60 42 56 58 48 58 63 49 34 37 47 64 48 45 66 57 45 53 40 67 42 40 25 49 43 46 50 44 62 59 43 48 47 54 53 55 51 49 51 54 50 50 42 59 50 53 50 33 60 61 37 37 68 58 41 65 48 52 41 39 58 46 58 54 50 53 49 46 47 53 72 45 60 57 43 38 49 68 51 60 42 56 55 41 51 54 42 57 54 57 54 53 50 48 64 31 35 62 41 47 67 45 47 52 58 44 62 39 51 43 64 72 48 46 43 50 29 44 68 53 46 
50 53 51 50 50 74 59 66 43 38 48 53 38 59 37 33 64 41 55 48 63 43 39 60 54 70 60 57 46 60 57 42 45 54 55 42 44 41 47 64 38 56 63 66 43 51 41 53 50 59 30 50 45 48 56 57 41 48 51 35 41 46 42 63 44 62 64 42 65 53 44 43 62 52 25 67 52 34 40 49 51 64 47 51 41 55 74 38 49 52 48 48 50 50 64 44 63 49 52 33 52 40 46 32 40 54 48 69 45 56 53 60 42 57 50 52 47 71 43 37 43 47 50 34 41 41 36 55 35 49 37 49 41 54 46 36 43 66 26 50 57 42 41 62 55 50 35 50 49 49 47 37 60 44 37 66 48 38 47 47 51 42 54 59 33 51 51 51 55 54 57 42 42 49 37 37 50 64 61 40 48 47 50 43 60 47 61 53 38 43 52 54 40 39 39 48 52 51 42 42 
52 46 48 46 53 66 57 55 50 53 51 49 45 62 50 74 43 45 57 34 49 50 71 59 35 62 54 45 70 47 43 48 58 62 33 49 56 56 49 55 40 57 37 48 63 72 39 50 68 54 36 48 54 68 55 62 58 49 41 48 50 48 50 50 53 58 54 60 50 42 43 46 33 57 42 42 54 61 51 64 49 61 76 41 69 43 49 52 38 52 47 47 76 42 43 50 53 57 52 40 32 35 60 46 54 55 64 35 55 43 53 45 53 68 58 58 40 50 61 48 45 34 58 41 46 46 47 57 46 56 57 39 29 45 43 22 48 35 45 59 45 46 52 58 36 56 38 35 49 48 47 54 52 45 44 25 66 46 47 44 47 46 47 54 55 39 50 49 42 62 45 50 43 50 43 55 53 35 49 46 29 50 47 48 55 72 75 28 26 43 48 44 43 61 55 49 22 49 52 50 
45 57 43 48 48 42 56 47 39 33 39 32 64 56 43 57 49 53 63 55 59 55 57 38 51 53 48 39 33 69 29 69 47 69 59 32 42 51 67 61 64 56 53 51 41 52 57 51 47 30 50 53 49 55 39 57 53 51 53 58 53 47 40 39 44 58 47 48 63 50 66 38 51 55 70 61 61 64 50 49 62 65 51 50 41 50 40 49 52 46 25 50 50 46 57 37 49 55 43 62 57 50 44 66 65 64 67 38 35 54 46 45 51 58 37 37 47 45 54 45 44 53 60 54 49 49 62 43 58 61 61 39 29 51 22 41 41 46 45 56 50 40 34 30 39 60 63 53 43 50 56 54 56 48 63 58 58 49 56 50 46 19 54 49 69 47 40 55 60 41 52 70 45 19 61 57 37 50 36 55 65 58 52 54 57 52 39 40 53 58 50 48 50 72 54 49 45 46 45 40 
39 32 50 39 56 55 48 45 38 43 54 77 55 35 28 50 42 52 40 67 40 49 49 53 49 26 55 45 56 61 54 45 51 65 42 57 40 65 43 56 53 37 48 66 38 42 59 46 44 56 61 40 79 42 58 48 30 50 52 38 63 54 63 50 42 54 54 63 40 48 55 47 57 59 64 36 49 46 51 46 59 69 50 61 50 59 47 55 46 37 50 62 45 53 41 43 66 55 45 70 35 51 65 47 55 48 68 44 53 69 42 52 59 49 61 52 51 53 42 56 42 53 45 46 53 47 34 38 63 51 50 61 52 46 39 40 43 55 57 35 58 27 53 56 34 61 32 67 41 64 67 57 45 40 44 44 38 58 63 68 33 49 63 74 22 41 59 45 60 51 69 45 50 44 53 38 62 45 63 50 44 56 83 41 51 62 54 35 43 47 47 53 60 60 43 53 55 41 48 56 
56 54 45 34 50 37 50 55 47 57 43 49 31 37 55 48 53 55 59 56 60 50 46 58 57 50 50 60 59 31 50 63 53 59 36 50 52 49 38 47 48 52 49 48 45 39 42 38 63 65 48 63 51 50 49 56 59 40 39 54 45 54 42 36 52 60 45 55 58 67 50 45 43 51 39 59 41 42 30 53 47 51 44 54 59 60 46 52 49 53 55 55 44 33 52 74 53 52 68 52 55 55 57 46 49 49 49 34 57 65 61 39 62 45 48 65 44 42 52 27 51 42 51 56 49 50 62 52 49 50 49 41 50 52 63 46 50 49 24 35 49 37 56 33 35 66 38 44 63 56 34 51 44 38 56 82 49 61 44 58 51 51 49 47 45 63 54 58 39 48 53 52 56 53 52 58 61 73 51 43 50 36 37 29 69 60 49 45 31 45 41 59 49 43 56 43 57 50 50 45 
499 495 497 490 510 505 507 504 499 491 500 503 493 503 502 490 496 500 505 498 
