20 200
72 38 68 57 67 41 58 38 35 89 73 42 60 60 75 45 46 56 19 41 57 18 45 64 76 9 56 52 42 45 59 53 56 49 61 42 51 36 52 36 55 57 67 41 66 31 42 13 64 78 75 69 51 35 61 46 46 50 57 63 35 46 77 55 42 62 84 58 57 55 44 47 40 27 63 57 58 45 54 41 35 17 35 56 65 41 53 64 52 31 84 48 49 37 48 65 56 55 65 59 77 29 64 53 63 75 48 48 74 46 46 31 71 72 64 60 55 57 58 76 17 35 48 43 69 60 56 28 55 86 77 58 35 64 65 47 40 70 58 67 50 69 53 37 36 29 53 30 79 39 64 59 50 50 32 56 44 51 46 66 41 50 42 60 39 51 38 59 40 48 66 42 53 30 84 52 37 54 64 32 50 46 58 59 89 40 53 74 25 48 47 54 47 37 63 48 45 53 80 60 
50 83 51 41 57 70 35 47 32 53 49 53 42 48 53 61 67 46 51 57 33 24 36 64 31 54 60 58 77 46 45 54 61 54 54 60 69 70 42 45 36 67 46 66 39 74 54 58 40 49 79 66 48 34 61 25 28 45 33 59 43 55 28 61 53 76 72 44 50 54 77 56 47 71 44 55 49 50 55 56 58 45 58 57 45 47 55 49 42 47 60 47 32 26 63 67 47 65 38 51 25 41 50 59 27 48 58 51 41 44 65 64 46 59 48 53 66 49 41 42 43 45 66 55 35 26 41 25 64 47 22 56 41 53 74 40 50 62 27 38 41 47 43 57 75 57 37 57 65 54 52 46 59 42 57 42 34 55 41 43 38 47 74 49 58 52 66 49 68 52 66 45 37 49 56 31 55 64 51 44 52 43 64 57 50 34 41 30 48 19 36 47 37 38 42 56 50 43 31 46 
55 56 46 46 71 53 64 44 38 29 55 55 61 31 62 54 39 25 65 46 55 33 55 53 60 59 71 64 68 59 87 46 34 42 68 44 70 32 37 50 34 71 60 42 66 23 45 65 41 43 42 74 66 45 53 68 60 55 64 38 76 32 65 47 42 53 50 75 33 54 68 30 51 15 64 76 29 35 71 57 40 80 42 49 27 57 56 54 53 58 90 21 64 56 62 71 42 53 35 35 43 61 54 37 31 51 18 40 50 63 38 41 43 71 55 46 63 33 41 60 58 56 42 50 54 92 60 62 28 62 40 74 54 70 44 55 53 42 21 62 82 55 52 41 25 31 53 51 38 38 56 41 47 44 78 48 45 34 33 38 46 41 54 35 35 58 64 79 27 59 55 39 45 52 50 33 55 35 37 54 48 19 61 53 44 52 71 75 20 47 49 43 58 59 67 44 43 64 56 42 
48 45 44 63 57 56 51 70 69 53 56 48 52 51 54 52 53 50 52 30 63 57 40 46 72 77 52 60 60 74 23 51 89 43 41 38 58 50 62 63 63 58 47 42 48 36 35 42 39 32 54 43 41 47 62 43 60 33 22 46 57 51 73 53 74 56 21 39 69 48 55 67 72 73 54 41 43 52 35 40 65 67 41 65 67 48 65 63 62 50 69 72 60 67 48 42 55 65 53 69 64 73 68 58 20 41 37 63 43 36 58 69 69 19 35 74 51 71 40 44 59 73 66 35 70 27 34 59 18 47 55 51 19 41 45 59 47 31 52 71 61 49 54 57 59 47 53 59 49 40 59 55 49 58 55 59 37 48 54 26 50 70 45 74 58 31 69 46 39 59 27 52 56 53 47 33 53 63 47 63 35 36 52 66 54 36 57 61 54 64 62 35 32 58 23 53 36 67 29 52 
73 52 59 77 34 71 54 62 53 55 48 38 61 65 60 50 52 65 22 41 44 52 33 69 56 63 51 57 66 47 56 46 44 43 37 18 55 53 68 59 39 42 48 58 55 67 45 55 68 55 51 50 41 52 67 27 62 76 49 57 56 61 39 40 49 57 69 20 49 59 55 55 48 34 65 64 65 62 62 53 62 40 77 44 76 57 55 40 56 55 58 37 71 33 38 41 49 45 35 35 77 33 63 60 43 47 47 60 63 62 43 58 40 38 58 57 38 41 50 45 45 57 43 55 46 32 55 47 63 39 56 60 66 43 58 35 60 50 35 71 38 61 34 57 34 66 45 41 44 65 31 50 46 36 63 30 40 39 34 40 46 68 57 43 57 52 65 52 46 63 60 46 73 45 32 47 40 69 70 34 50 55 60 67 73 37 45 51 37 71 62 64 69 55 40 53 62 46 38 48 
41 48 45 48 50 42 57 31 41 52 4 34 59 54 53 35 47 77 52 57 54 51 37 50 67 41 58 47 56 57 40 33 57 61 23 45 52 59 52 49 58 47 44 64 48 47 65 40 75 56 46 49 46 33 62 58 37 32 63 49 54 62 43 50 65 48 54 80 72 48 76 64 60 53 33 55 34 74 68 64 69 49 52 69 63 47 16 48 36 59 54 72 50 50 41 49 65 45 70 61 52 15 50 63 40 60 82 77 33 51 57 42 53 54 37 72 60 39 56 59 47 31 45 49 54 47 56 53 62 64 58 58 70 59 50 49 69 44 62 33 69 46 44 35 59 62 56 65 62 62 36 60 50 22 64 42 45 61 64 43 63 72 44 35 71 43 51 45 54 42 55 43 55 42 57 42 42 53 67 43 44 62 38 85 28 30 54 38 65 29 65 39 39 36 41 68 60 41 35 50 
51 51 38 66 39 43 52 56 56 57 58 49 59 46 50 66 47 43 35 91 32 31 46 46 56 48 39 52 76 67 54 67 45 60 61 41 37 67 59 47 56 40 94 78 38 63 74 50 82 40 50 51 57 66 44 69 68 54 38 38 69 53 67 40 65 66 36 50 70 62 65 56 79 46 42 49 57 52 47 35 33 65 66 83 60 59 65 52 62 52 51 68 28 65 74 58 62 33 46 48 46 45 33 54 51 48 36 52 40 50 53 77 47 48 74 37 37 38 54 53 59 48 60 47 48 35 59 73 18 37 43 51 37 69 73 49 61 41 61 54 34 55 45 58 32 62 60 49 47 68 37 45 33 39 60 69 39 45 81 63 42 69 48 66 30 74 54 42 54 50 44 52 71 55 52 58 23 43 68 53 38 53 39 35 68 33 51 52 60 31 38 58 42 57 49 43 58 56 57 69 
42 71 71 53 53 38 64 47 54 39 69 54 46 36 48 53 59 64 45 33 45 61 51 66 58 45 50 35 28 41 43 78 57 65 30 59 22 53 39 61 37 41 66 52 25 50 61 62 52 38 68 45 58 48 61 41 53 42 57 70 49 47 40 31 43 18 47 55 67 58 34 58 24 45 70 53 61 61 62 47 87 43 74 56 38 73 52 47 35 56 53 55 50 48 58 35 55 64 57 26 57 49 61 46 27 60 37 54 63 49 53 43 45 65 54 39 61 58 71 66 47 70 78 50 47 47 36 32 26 43 38 21 57 54 42 58 65 33 56 46 52 75 24 39 73 58 38 60 45 77 65 41 57 38 51 54 61 59 67 56 23 1 62 39 53 47 39 57 43 29 58 61 55 56 59 49 53 30 57 68 65 46 48 55 53 26 83 60 40 34 67 43 67 42 68 51 55 36 45 71 
75 58 51 44 43 57 80 50 49 71 34 27 31 51 57 39 51 49 26 53 53 56 51 48 59 34 75 31 71 65 43 29 43 42 44 54 52 41 43 61 49 38 62 60 59 42 35 54 42 27 51 48 53 75 35 52 58 28 50 38 34 58 31 36 45 53 36 61 66 86 22 49 73 41 71 49 65 70 34 32 77 49 47 63 48 61 58 50 67 47 57 30 54 60 85 62 51 63 59 69 76 36 68 62 45 42 43 41 50 83 23 46 64 74 61 34 45 40 43 64 46 55 47 48 38 78 63 35 56 64 55 62 65 59 66 31 42 59 68 72 48 52 60 46 38 58 63 59 52 37 46 42 42 36 57 59 50 80 45 35 67 7 40 37 42 59 66 30 58 37 53 69 56 37 27 51 65 43 45 52 55 28 54 49 61 40 66 53 64 62 57 42 63 61 48 55 70 30 40 69 
49 47 63 57 40 40 61 72 64 55 55 41 47 56 45 47 81 50 49 56 52 71 67 62 68 48 56 67 44 55 47 62 64 35 66 34 45 63 62 78 45 58 41 49 56 52 71 42 25 61 46 72 65 65 52 67 35 50 46 62 41 46 46 66 59 55 56 38 51 67 92 53 50 54 47 65 39 56 58 61 54 71 55 47 53 59 52 36 50 45 74 37 67 55 44 71 37 57 64 70 46 48 52 37 60 77 66 38 22 40 51 59 9 54 49 36 43 48 51 35 57 36 50 37 65 34 34 53 84 35 50 67 49 44 48 57 35 56 61 69 38 43 40 41 47 68 37 68 65 35 68 36 40 46 55 81 37 35 62 62 68 63 73 38 50 61 57 20 58 46 47 47 58 30 55 49 60 45 72 50 51 53 52 67 55 48 37 70 41 52 70 71 56 52 16 57 28 40 56 50 
45 49 26 41 61 50 45 42 47 41 71 39 47 54 44 68 55 22 55 47 64 64 59 74 73 36 85 83 48 48 40 49 66 44 46 57 62 45 84 24 57 38 80 33 79 73 44 68 44 62 51 51 51 57 69 47 44 56 40 43 41 69 50 41 26 28 59 40 33 45 43 25 36 62 56 38 60 44 40 33 27 49 39 39 55 56 60 42 44 62 51 24 49 57 52 42 62 61 72 61 56 42 47 58 57 62 36 56 36 46 79 47 61 61 57 56 40 55 28 40 68 71 65 28 80 54 61 52 47 55 42 63 32 69 40 64 55 42 51 53 42 44 58 46 42 34 50 32 35 54 54 84 41 27 41 32 50 63 78 49 57 61 58 61 56 60 49 18 41 63 42 41 53 35 51 31 59 73 79 79 83 50 24 58 70 42 54 43 24 45 44 23 59 55 52 36 49 54 68 36 
56 40 21 74 21 76 59 60 29 55 64 63 49 59 14 67 56 49 85 56 60 77 32 61 59 56 47 42 57 42 36 50 46 56 23 13 36 47 51 34 41 67 69 54 51 39 49 45 31 63 52 38 26 61 83 52 43 56 50 40 61 56 35 56 48 67 52 44 69 52 59 63 72 56 71 47 58 47 31 41 38 45 58 58 67 36 70 58 26 59 65 43 37 68 56 70 35 69 35 46 65 29 55 60 32 66 55 44 36 44 32 47 77 25 56 43 55 32 60 20 71 52 64 48 53 86 60 45 36 48 55 40 62 58 39 64 42 61 52 46 38 48 61 51 36 44 54 47 57 40 43 56 66 41 59 57 42 57 62 48 60 53 54 41 63 48 49 51 40 52 50 41 27 44 57 40 49 60 49 62 36 22 41 36 43 65 71 32 51 44 60 51 63 54 35 50 78 25 72 64 
66 48 22 38 25 49 61 41 56 54 52 57 32 39 58 59 40 62 64 64 79 45 75 37 46 47 70 41 50 45 59 45 55 32 46 47 44 64 48 63 50 20 47 51 56 64 50 82 38 53 74 54 41 41 49 90 30 54 56 59 60 19 59 46 62 39 79 48 47 48 78 57 44 75 49 30 35 60 54 56 51 47 46 75 48 53 56 32 66 45 31 56 39 46 62 65 55 74 49 40 47 66 48 53 75 32 40 65 44 50 47 45 60 49 71 50 53 43 38 61 47 37 34 20 55 71 56 24 36 52 49 68 40 48 55 33 57 62 51 55 24 32 49 58 61 57 48 62 65 43 57 27 77 39 61 26 73 56 32 59 51 32 51 41 52 57 82 44 54 47 52 50 36 57 68 46 53 50 37 71 36 54 35 54 51 43 42 30 53 48 49 58 55 54 80 47 49 54 60 61 
67 49 59 60 71 54 57 57 31 40 65 68 56 55 45 41 49 64 62 57 70 47 52 40 60 65 39 50 52 65 54 33 26 37 75 65 53 56 62 41 41 37 69 52 54 46 41 65 50 64 47 53 61 29 50 45 57 64 52 61 60 85 54 43 46 45 48 41 55 40 38 47 68 51 58 51 40 54 58 64 59 55 59 62 65 27 57 54 40 16 55 60 28 66 40 67 46 23 43 56 38 41 70 52 57 42 30 57 48 44 50 61 37 51 55 51 52 56 50 68 34 47 64 46 46 43 43 37 75 29 31 37 30 51 57 42 10 72 37 66 43 43 30 47 54 49 79 46 39 70 37 46 73 61 52 46 59 60 57 49 51 45 55 58 52 66 40 27 66 58 74 59 46 61 61 70 66 57 71 52 56 61 60 57 56 45 59 43 17 54 50 66 54 58 64 32 60 70 51 65 
62 41 75 71 58 55 49 56 61 64 20 43 44 49 44 74 46 76 74 52 52 47 76 59 32 59 41 58 55 40 62 67 61 51 54 40 60 62 14 31 71 48 48 32 72 48 52 91 41 66 51 25 50 43 62 58 60 38 46 34 44 57 49 40 44 60 54 50 52 39 36 50 47 51 61 47 62 46 70 52 65 58 62 65 45 36 64 33 79 57 58 53 57 70 43 56 46 42 47 63 57 53 57 41 48 25 81 58 55 67 28 46 65 68 40 48 38 64 55 58 69 54 50 46 67 51 41 57 50 68 55 37 66 48 56 51 60 52 42 40 46 59 47 45 62 70 41 30 57 21 43 32 58 51 36 48 56 49 47 34 48 41 49 54 66 56 76 45 49 25 58 20 61 53 38 30 41 61 54 48 46 53 52 27 45 46 76 65 40 48 41 47 53 70 14 63 55 43 56 59 
29 43 45 31 47 59 48 58 55 45 41 78 65 63 56 63 59 45 25 60 41 62 44 54 45 57 43 58 39 45 26 47 24 46 50 30 45 38 53 37 31 49 59 35 60 42 20 69 60 57 43 56 58 42 47 57 48 32 46 54 38 59 38 43 56 64 61 36 31 72 54 80 58 48 67 69 71 31 59 30 48 54 63 56 59 47 51 49 48 28 42 49 61 48 44 65 50 53 50 55 44 32 29 49 51 37 49 57 35 28 58 54 70 64 62 49 64 50 68 59 42 44 71 47 50 45 52 45 48 52 37 59 64 51 51 51 46 65 48 31 44 45 27 37 59 58 39 46 26 40 58 60 27 60 53 46 49 70 45 30 56 54 44 58 62 65 59 56 47 30 56 41 45 46 58 53 45 14 37 46 51 68 55 39 50 47 60 46 53 59 66 55 48 62 47 54 55 55 61 68 
47 55 83 58 56 56 37 44 68 70 75 53 45 55 39 42 71 39 43 44 62 71 53 48 42 71 52 68 74 30 55 44 50 39 62 36 25 45 71 24 55 62 50 49 70 28 50 58 64 55 69 68 58 89 69 52 53 60 61 43 42 27 33 46 67 62 49 47 70 62 45 59 39 53 51 60 60 42 50 50 21 70 58 66 52 58 66 44 34 63 54 39 68 55 77 37 50 45 60 27 51 57 43 55 44 69 64 76 65 50 56 41 47 62 50 78 33 49 59 58 51 61 39 49 63 57 53 50 65 45 46 42 78 23 40 24 36 74 53 31 56 79 50 23 52 61 51 40 53 51 54 68 46 77 50 40 38 35 65 72 75 49 59 70 73 47 57 70 71 35 40 81 52 47 72 64 61 47 39 23 53 58 40 59 37 49 36 62 40 32 49 66 60 53 53 61 53 65 59 63 
46 44 46 59 63 66 78 63 45 52 41 71 58 41 55 53 17 47 84 75 33 43 26 62 65 73 45 51 43 26 47 63 37 55 50 58 64 64 48 53 28 66 54 21 61 37 59 53 46 58 46 55 77 60 51 47 32 33 80 57 42 72 58 60 54 43 69 47 49 49 23 31 46 47 70 74 64 36 45 47 59 15 36 36 49 22 49 70 75 60 30 45 53 56 74 53 47 40 51 74 62 58 61 58 46 59 49 47 53 48 60 73 60 40 59 57 55 53 56 25 47 42 62 54 61 61 59 73 33 44 52 46 50 51 64 68 45 54 54 56 58 19 64 43 69 71 45 44 48 68 67 61 52 50 47 43 18 49 44 75 76 25 46 50 53 61 55 59 48 45 44 35 44 46 55 69 68 42 41 31 16 50 32 45 29 53 55 66 48 37 68 51 39 55 44 50 58 42 62 51 
44 55 65 59 51 34 64 52 37 46 49 53 68 43 43 43 47 50 44 63 65 37 48 68 19 40 56 43 46 49 64 45 28 60 48 49 51 61 34 81 58 56 74 54 30 69 62 34 55 58 52 70 41 62 35 56 44 34 53 44 50 83 32 39 14 35 51 42 50 46 72 33 77 64 46 46 44 42 71 33 44 46 56 50 56 50 59 18 53 57 62 40 52 61 71 41 64 54 73 47 66 35 39 50 49 59 49 37 65 55 46 69 39 38 48 56 68 40 33 49 46 65 32 24 33 42 72 39 50 46 64 61 52 44 55 76 66 65 62 57 72 83 52 67 44 66 74 59 60 34 25 35 39 64 38 64 53 44 60 58 49 67 59 68 69 24 60 52 40 61 80 54 47 72 69 56 43 47 74 60 43 43 63 87 66 76 37 49 57 35 58 56 51 35 39 52 44 36 44 56 
56 40 52 53 69 44 48 45 50 53 55 55 37 70 59 54 46 35 47 48 69 60 71 56 52 54 51 66 71 58 33 36 70 51 39 29 56 31 44 40 48 88 43 59 55 57 79 70 63 40 51 47 67 64 41 54 47 53 57 61 43 58 51 62 58 56 66 46 50 48 55 25 51 76 48 62 62 50 44 47 54 53 44 36 59 48 36 32 50 55 60 54 64 69 60 53 60 80 57 40 28 52 50 52 38 35 39 45 46 53 82 62 43 44 53 59 45 63 36 46 57 67 55 45 54 90 28 56 40 77 49 27 54 60 48 44 52 53 46 47 43 55 25 50 38 67 55 51 56 35 46 55 46 58 51 43 45 52 35 58 51 41 8 68 49 41 73 39 46 59 44 39 41 41 46 60 58 59 45 54 61 66 51 45 66 57 53 30 26 25 86 49 52 70 51 80 38 61 49 43 
48 62 37 52 41 50 52 64 72 36 47 55 54 34 39 49 42 48 54 50 47 70 64 44 42 67 29 42 51 50 47 48 34 57 41 55 45 61 49 46 56 50 60 47 39 56 65 63 53 28 40 40 51 63 40 43 50 51 35 47 52 54 35 52 55 48 38 56 53 53 43 47 50 66 57 64 52 61 48 50 54 78 51 51 53 64 44 51 44 71 48 51 54 53 51 59 56 66 53 48 49 61 41 55 50 30 52 51 36 57 55 58 35 34 49 32 54 57 29 38 65 56 50 51 28 35 50 64 53 35 38 52 60 50 45 59 50 45 51 40 49 54 55 51 58 66 60 63 31 50 53 50 48 51 66 43 60 45 55 55 58 48 55 48 62 48 51 31 51 54 40 48 46 67 25 56 60 46 42 71 50 52 48 51 21 60 50 43 62 59 38 51 49 73 38 43 45 51 28 49 
42 44 50 54 50 42 60 57 63 44 57 57 50 63 38 20 50 49 40 46 50 64 65 39 70 48 37 51 44 46 57 54 50 47 42 41 32 30 56 49 52 47 55 37 52 34 50 38 54 52 27 44 48 53 51 58 72 56 61 40 57 60 59 49 58 34 39 39 43 51 37 55 57 40 63 34 42 52 50 50 48 52 47 38 53 48 48 44 51 58 43 45 57 52 34 43 42 43 64 50 63 56 38 45 55 52 43 46 60 73 36 55 44 50 46 63 40 55 49 64 60 62 31 50 66 58 45 60 52 38 53 46 66 37 29 49 49 42 64 54 47 56 57 39 39 36 57 47 38 30 40 51 46 58 43 53 67 54 56 52 58 50 49 54 50 53 53 46 49 49 35 64 50 50 57 62 49 39 59 48 46 57 34 55 63 52 68 63 50 69 60 46 67 67 60 53 65 59 55 64 
47 36 51 52 37 56 46 55 50 66 55 64 49 49 43 52 41 61 32 51 46 46 42 53 48 35 39 47 46 62 26 43 57 51 34 43 43 60 72 53 54 30 41 59 45 70 50 46 46 63 59 50 43 50 50 35 52 57 38 55 42 59 38 74 49 50 55 53 60 50 38 64 43 81 37 38 58 60 40 50 39 28 59 46 71 50 50 49 50 44 27 62 51 50 42 33 47 50 58 52 51 40 53 54 61 61 58 54 46 46 63 59 58 38 43 52 41 62 42 54 41 49 36 50 45 31 52 50 56 47 61 19 60 51 59 45 56 63 64 41 24 48 41 61 67 60 46 57 64 62 44 54 43 60 36 37 55 46 56 64 51 58 58 50 56 30 41 34 71 40 55 58 50 35 58 64 44 55 48 37 57 64 41 48 50 57 34 45 67 42 45 59 38 40 50 59 49 50 45 52 
47 62 55 50 42 41 53 45 42 56 47 60 57 49 50 51 61 50 42 54 43 57 43 55 41 52 72 41 42 35 59 44 32 54 58 47 44 46 50 36 40 44 52 54 54 64 53 64 47 51 65 54 60 45 40 58 53 60 75 55 51 55 32 40 43 42 72 57 40 38 43 34 46 33 51 59 63 43 49 64 38 50 64 38 42 40 32 49 41 54 37 53 46 37 59 51 57 42 48 40 38 28 63 45 63 46 54 52 61 68 47 36 36 62 52 35 44 55 49 57 42 35 33 48 50 73 56 52 73 43 40 49 66 49 61 42 49 62 57 38 42 57 50 44 38 53 43 53 57 55 42 55 46 57 55 50 55 53 51 72 49 33 46 33 55 52 35 51 62 38 66 47 45 43 35 66 51 45 51 50 52 59 44 41 56 61 42 50 45 54 40 53 54 66 58 43 67 43 56 51 
26 60 59 44 56 26 56 44 52 56 60 59 41 43 48 51 54 46 62 65 59 56 60 41 64 47 58 50 63 54 46 57 50 50 57 70 47 45 50 52 44 60 52 50 53 41 59 31 52 48 54 44 50 50 43 67 38 42 55 51 36 42 62 53 45 58 41 75 57 49 50 60 47 63 50 44 42 58 43 54 51 47 29 55 28 44 62 57 52 49 49 64 48 54 67 62 48 55 57 65 41 66 49 43 47 61 42 36 47 38 57 37 55 67 50 41 55 64 66 51 63 50 64 47 59 78 54 57 39 47 40 37 38 44 62 47 50 44 69 36 64 49 52 59 50 54 34 59 61 30 52 56 51 54 47 67 69 53 48 61 41 46 50 53 50 56 45 48 44 40 54 41 39 50 52 52 51 36 36 56 55 41 39 34 41 50 54 53 53 36 40 39 32 54 72 52 46 61 62 63 
43 48 44 48 50 53 55 51 57 49 79 56 45 52 50 50 47 33 47 45 45 57 47 61 45 48 45 50 49 44 50 51 44 36 60 36 43 57 50 57 54 54 56 26 55 51 39 64 39 36 55 49 44 56 42 39 67 69 38 59 43 55 51 49 39 52 55 35 44 52 46 49 40 37 57 42 61 33 40 37 41 32 50 40 39 61 81 54 68 50 50 38 49 55 57 65 43 50 46 50 37 74 44 46 60 44 31 40 58 59 38 48 56 59 57 39 43 64 50 42 54 69 50 52 54 48 51 48 50 45 50 46 42 40 56 50 33 70 50 64 51 55 56 68 43 41 35 37 47 40 50 44 54 61 46 44 58 59 42 54 44 43 55 64 41 48 36 39 55 56 41 50 47 51 52 50 62 47 38 64 60 43 46 18 68 72 47 63 35 64 42 47 50 50 59 34 53 45 55 39 
50 48 49 44 64 50 34 41 46 45 32 55 46 59 51 33 56 64 54 35 57 56 63 43 47 39 60 51 32 40 50 46 52 48 39 59 55 39 53 57 42 56 43 23 69 48 41 56 28 69 54 48 54 39 50 44 39 48 45 63 60 50 43 55 34 33 58 54 36 46 52 33 38 55 45 59 48 49 57 52 71 42 40 30 58 56 41 47 34 57 50 57 62 38 38 49 42 51 61 48 61 54 56 52 43 56 44 49 59 38 54 37 54 50 39 44 68 58 49 43 53 53 46 55 51 59 55 45 77 53 58 55 57 50 37 50 47 52 38 44 67 46 49 39 59 33 44 54 40 32 60 36 58 58 41 36 56 61 32 37 50 32 43 35 59 32 53 63 45 55 54 45 46 48 43 45 48 59 48 46 48 55 43 51 39 61 47 48 46 59 61 39 58 47 53 48 44 47 46 39 
55 36 39 48 56 52 41 55 57 68 44 43 48 67 41 56 41 50 50 71 62 43 53 42 34 55 55 70 64 59 58 31 47 36 60 52 55 49 67 32 50 62 33 35 53 54 40 50 42 45 47 60 56 48 38 52 38 47 51 37 44 55 56 67 48 57 47 48 42 53 61 32 69 51 53 48 46 48 36 67 39 52 37 51 55 40 51 57 49 35 41 35 47 56 47 64 50 43 53 60 44 54 41 55 58 37 62 57 41 50 41 44 55 30 53 64 46 41 37 48 50 52 37 52 43 53 56 69 57 61 55 73 42 46 59 42 40 63 52 41 50 44 59 55 33 39 50 50 59 32 30 47 62 55 62 41 47 43 39 46 56 80 48 62 37 59 55 49 59 74 60 62 34 45 51 53 50 65 55 42 50 41 51 45 48 52 35 40 57 55 35 50 37 49 37 49 47 68 50 38 
45 58 54 55 49 44 33 50 47 39 57 60 59 53 43 52 40 38 58 47 34 55 50 57 58 56 34 73 50 41 50 49 54 41 61 44 55 46 43 42 58 66 50 44 45 56 63 45 53 70 46 38 64 41 54 39 50 59 44 56 64 45 71 50 50 47 55 42 35 27 77 53 36 64 34 47 42 37 48 59 38 52 59 37 55 48 54 67 49 60 52 78 54 43 30 40 51 42 35 36 42 54 37 57 56 51 64 50 43 25 57 42 40 34 30 50 38 60 41 45 59 45 53 60 63 34 46 62 41 41 46 54 64 59 37 70 66 45 33 32 54 57 50 65 46 43 45 41 61 51 44 42 48 65 57 41 62 30 51 55 36 68 53 52 49 50 32 63 43 60 47 41 60 63 58 43 41 66 56 52 41 55 50 53 44 50 48 49 62 40 44 59 38 39 50 53 31 63 61 53 
55 49 35 49 47 45 50 39 43 51 40 53 53 42 56 51 35 57 40 60 43 30 49 39 37 56 37 46 62 40 62 50 44 54 45 65 67 50 58 33 53 35 54 48 45 50 40 48 55 54 56 43 49 46 59 50 48 39 48 45 56 60 57 39 42 43 45 56 57 45 20 43 50 41 51 50 49 50 41 44 51 47 39 55 44 38 49 50 58 48 32 73 34 41 50 30 64 44 45 38 45 44 57 47 48 40 48 59 62 60 55 40 80 52 38 54 61 63 51 62 48 65 62 68 42 53 64 41 31 71 57 47 53 66 51 46 51 43 33 54 59 44 47 61 42 43 54 44 50 62 30 58 56 47 55 39 54 56 50 42 33 38 41 54 54 47 41 69 47 49 53 43 52 62 51 58 45 53 37 49 47 55 42 42 58 48 64 48 54 63 38 30 54 53 46 46 57 44 47 62 
52 44 52 50 40 51 56 55 41 51 42 50 56 48 65 55 42 62 49 59 37 39 39 36 50 63 23 27 56 53 57 45 36 55 50 39 40 52 58 47 40 56 38 61 38 41 50 42 55 52 45 51 51 54 44 42 50 45 56 49 60 56 50 60 75 59 42 61 46 54 43 53 61 43 52 50 43 44 62 59 79 62 55 49 30 54 40 67 49 50 52 66 52 45 62 51 47 36 33 39 45 48 55 46 44 39 73 50 61 55 35 56 43 39 44 44 61 54 67 53 39 40 57 64 28 47 46 49 47 50 45 53 69 27 54 39 58 54 58 46 59 57 37 56 60 54 51 67 44 45 43 31 52 65 56 44 54 39 40 53 35 46 45 51 30 40 58 72 55 47 45 56 36 65 50 70 42 42 39 27 36 48 50 39 34 48 46 64 71 56 56 61 49 67 49 62 45 54 44 52 
45 55 63 51 81 39 48 44 57 57 48 36 58 45 67 38 45 48 29 55 42 46 54 45 46 51 47 58 51 62 46 50 49 58 55 66 59 52 52 58 62 45 40 43 50 70 52 50 56 35 46 43 49 43 37 45 57 50 30 56 41 43 53 52 56 44 55 50 42 46 44 45 41 45 42 51 44 52 50 57 63 51 49 47 39 51 41 47 71 58 36 57 61 36 45 37 66 47 55 52 50 60 46 46 57 48 50 58 60 53 68 59 40 50 38 63 46 57 38 61 30 51 43 55 36 42 41 62 51 46 60 46 45 38 55 37 59 52 40 69 47 49 56 45 50 40 44 62 46 49 58 67 35 44 46 43 38 50 50 52 37 49 53 50 45 55 50 52 55 61 51 65 69 63 43 54 57 47 54 55 50 63 62 54 46 59 40 59 41 53 37 55 47 61 53 53 34 55 47 35 
41 61 68 50 82 55 48 55 57 45 38 37 58 55 61 51 52 47 41 39 42 65 35 59 52 53 40 51 59 45 51 54 62 66 47 63 50 52 54 44 61 59 57 49 56 41 53 39 61 49 28 48 66 56 57 34 68 58 45 34 32 58 42 46 52 51 32 50 54 52 31 55 56 39 51 66 57 43 41 47 49 50 54 33 50 51 50 60 42 51 54 55 39 55 57 39 47 47 45 49 57 40 54 50 34 49 47 46 43 57 64 62 48 51 44 54 44 63 55 40 49 50 70 71 42 40 45 66 57 38 55 59 56 54 53 70 54 57 60 54 53 69 49 43 50 51 53 39 47 54 44 62 41 46 50 61 43 54 44 64 50 56 47 59 59 37 36 57 49 48 44 51 55 44 34 55 50 53 70 38 63 47 57 50 54 68 69 52 48 53 47 50 45 46 23 62 46 39 27 49 
37 54 55 49 48 56 46 45 59 50 44 41 46 52 51 64 56 55 47 59 37 53 53 50 54 41 60 60 56 45 50 59 56 40 53 44 52 45 50 46 57 56 39 53 52 56 47 53 53 51 60 44 50 50 37 40 56 43 52 30 35 34 43 48 56 39 41 61 44 54 50 40 37 50 47 47 61 44 43 34 42 46 47 51 40 63 52 48 64 63 49 37 48 38 39 34 60 61 40 40 57 50 38 44 42 46 65 33 53 50 40 39 58 48 52 50 49 47 47 40 54 49 45 49 50 50 57 59 41 71 60 64 66 40 43 65 65 40 58 35 56 44 60 45 45 47 46 54 57 34 57 57 36 50 40 55 49 52 61 44 46 57 53 48 54 42 54 56 46 39 42 48 49 43 48 47 55 49 39 43 33 44 36 53 51 49 42 47 71 59 50 39 44 40 44 57 50 35 46 36 
34 62 40 45 45 38 48 50 36 50 66 58 44 53 48 27 43 52 27 48 63 58 45 39 63 46 54 48 47 63 39 50 39 51 42 47 46 43 69 44 46 56 55 57 29 52 46 39 66 35 47 60 48 44 35 43 42 60 55 59 52 41 51 71 50 37 47 48 58 50 65 61 57 51 52 50 36 55 31 57 35 46 47 36 50 65 50 52 42 49 41 47 35 35 43 42 59 46 50 52 45 57 50 63 50 63 54 59 48 32 74 54 36 44 56 63 52 41 58 44 38 50 57 48 48 50 51 35 43 50 46 65 40 53 45 48 39 46 52 59 56 45 50 56 46 34 45 64 40 71 56 65 51 57 59 57 43 51 54 57 44 43 66 32 48 45 34 58 47 61 38 62 50 49 47 53 59 38 56 53 68 44 49 63 45 50 43 12 49 48 45 48 57 46 81 50 41 46 50 53 
63 56 50 66 66 50 50 54 46 66 69 28 52 56 45 57 43 56 58 51 66 33 49 47 47 58 58 42 55 50 67 54 65 51 43 63 38 55 53 56 66 56 52 53 59 55 66 48 63 43 67 38 50 50 52 59 45 72 52 47 55 34 46 58 62 47 40 65 48 35 61 38 54 48 53 35 37 77 50 55 47 44 30 46 44 58 50 44 51 65 61 45 43 44 62 39 48 62 56 59 54 54 53 65 50 64 38 36 59 71 54 62 46 50 41 41 30 39 50 42 56 54 46 47 51 56 44 31 43 41 61 42 48 55 50 58 37 38 52 56 58 50 69 55 50 53 45 66 70 65 35 36 61 50 50 56 58 32 45 42 50 38 49 45 50 44 49 46 55 68 47 67 58 53 51 47 58 66 50 50 56 52 45 54 55 62 45 50 56 48 37 52 49 49 48 46 46 47 50 29 
55 58 35 38 39 50 50 44 45 43 46 41 47 48 50 54 30 50 43 56 50 52 50 60 51 42 48 43 28 58 47 56 48 57 48 55 50 50 30 66 50 51 52 51 34 46 49 60 42 41 34 60 50 25 41 47 48 41 37 48 51 53 44 57 45 46 52 55 36 44 56 50 48 47 38 43 33 51 51 50 68 35 39 35 50 54 41 43 67 42 54 50 35 40 31 58 50 51 32 57 42 46 50 56 50 33 37 37 55 51 49 50 50 48 52 31 67 61 47 49 50 48 54 54 40 55 44 57 38 51 68 47 47 55 52 63 55 36 54 56 47 37 53 73 43 46 50 69 50 63 45 32 62 36 44 64 68 43 35 39 39 46 47 38 54 50 47 43 32 50 66 41 46 57 42 46 36 59 51 59 48 48 60 50 56 50 64 33 58 60 50 46 45 36 55 55 41 43 60 53 
55 58 50 41 47 47 29 39 58 42 50 47 43 51 59 27 76 55 28 34 63 44 56 41 39 29 49 57 62 64 41 49 48 58 47 48 38 38 53 56 50 43 54 61 51 69 46 43 51 28 57 41 47 48 36 50 65 49 37 39 53 41 48 43 38 54 37 42 66 43 70 56 41 43 43 47 51 65 37 71 44 61 58 50 49 72 43 48 48 34 65 52 39 56 36 29 42 59 62 38 39 50 43 38 66 50 61 48 58 58 47 43 40 57 46 60 46 45 43 68 43 54 37 47 49 43 34 33 54 54 48 61 54 58 44 52 52 50 43 45 41 56 24 60 53 51 60 63 48 43 55 40 51 62 38 42 61 52 54 35 39 62 59 65 47 39 50 39 57 52 55 53 59 60 54 45 36 63 44 59 71 58 55 50 64 48 55 38 60 52 33 64 49 43 50 39 40 57 52 58 
51 46 39 58 49 66 50 44 55 57 51 49 41 48 58 56 55 49 57 47 39 71 49 57 66 61 55 50 54 60 31 33 71 51 58 52 50 48 53 49 48 53 28 46 75 29 41 55 50 39 39 42 44 39 56 55 55 65 56 66 49 31 54 66 58 59 49 70 48 41 45 55 40 31 50 51 50 52 44 66 44 52 61 48 26 51 42 75 40 39 43 46 50 46 33 66 45 33 42 43 44 44 56 54 53 34 60 67 49 52 48 51 59 48 40 47 44 56 67 42 40 52 63 63 52 59 41 62 70 49 41 42 44 57 56 42 35 37 47 49 51 43 50 34 43 47 42 55 40 71 57 66 54 50 61 36 55 57 46 57 52 37 61 52 25 70 60 62 54 52 50 50 62 53 43 45 58 49 54 41 49 45 48 22 47 24 61 44 46 60 45 51 42 51 50 65 50 53 49 43 
60 55 38 60 53 57 49 46 33 51 61 45 65 29 53 61 51 52 58 48 45 48 37 47 53 53 59 41 33 45 66 54 43 51 57 65 51 59 51 43 64 38 51 53 49 56 35 46 31 54 57 52 44 25 46 47 56 56 45 44 54 42 47 47 50 37 54 55 52 55 44 66 50 50 55 52 37 56 64 63 54 41 57 65 45 51 50 56 46 36 47 52 42 35 44 50 41 29 46 60 59 50 55 56 57 62 60 47 39 58 31 50 58 50 63 48 50 45 60 46 39 37 49 38 46 32 61 41 64 39 57 58 48 34 48 58 51 53 48 48 55 39 59 51 49 47 55 56 43 66 61 31 49 45 46 54 57 45 57 47 60 71 73 34 53 56 36 57 50 45 49 53 56 60 47 60 48 44 55 37 40 50 47 60 32 49 45 66 74 73 40 45 47 34 62 29 50 42 33 73 
500 502 497 497 508 493 486 497 496 491 497 501 507 487 493 512 482 493 500 499 
